0.0
2
1.4983331568047152e10, 0.0, 0.0, 0.0, 0.0, 0.0, 0.0
0.0, 1.1, -1.2860329901763808e-17, 0.0, -5.580562820820689e-19, 0.9045340337332908, 0.0
0.15625
2
1.4983331568047152e10, 0.0, 0.0, 0.0, 0.0, 0.0, 0.0
0.0, 1.0899223478518814, 0.14090141121432334, 0.0, -0.1288555486087994, 0.8962395443802422, 0.0
0.3125
2
1.4983331568047152e10, 0.0, 0.0, 0.0, 0.0, 0.0, 0.0
0.0, 1.0598194621501646, 0.2792116288686857, 0.0, -0.2560427643321809, 0.8713722975679546, 0.0
0.46875
2
1.4983331568047152e10, 0.0, 0.0, 0.0, 0.0, 0.0, 0.0
0.0, 1.0100847600937852, 0.4123448450883907, 0.0, -0.37985237873907135, 0.8299870464120127, 0.0
0.625
2
1.4983331568047152e10, 0.0, 0.0, 0.0, 0.0, 0.0, 0.0
0.0, 0.9413845349115176, 0.5377279443916796, 0.0, -0.4984943761139935, 0.7721956901234142, 0.0
0.78125
2
1.4983331568047152e10, 0.0, 0.0, 0.0, 0.0, 0.0, 0.0
0.0, 0.8546735231855114, 0.6528117585911807, 0.0, -0.610060832445701, 0.6981994123913634, 0.0
0.9375
2
1.4983331568047152e10, 0.0, 0.0, 0.0, 0.0, 0.0, 0.0
0.0, 0.751215924954636, 0.7550884962876625, 0.0, -0.7124937694254543, 0.6083358620592194, 0.0
1.09375
2
1.4983331568047152e10, 0.0, 0.0, 0.0, 0.0, 0.0, 0.0
0.0, 0.6326108256531616, 0.8421178339427392, 0.0, -0.8035617083722816, 0.5031431295667149, 0.0
1.25
2
1.4983331568047152e10, 0.0, 0.0, 0.0, 0.0, 0.0, 0.0
0.0, 0.5008202563286805, 0.9115644158032905, 0.0, -0.880850446758929, 0.38344198367347976, 0.0
1.40625
2
1.4983331568047152e10, 0.0, 0.0, 0.0, 0.0, 0.0, 0.0
0.0, 0.3581970904926792, 0.9612496611873587, 0.0, -0.9417758890830478, 0.2504366534191433, 0.0
1.5625
2
1.4983331568047152e10, 0.0, 0.0, 0.0, 0.0, 0.0, 0.0
0.0, 0.20750855379275823, 0.9892206431031546, 0.0, -0.9836293076149244, 0.10583186845176802, 0.0
1.71875
2
1.4983331568047152e10, 0.0, 0.0, 0.0, 0.0, 0.0, 0.0
0.0, 0.05194932020722001, 0.9938381191803206, 0.0, -1.0036675938193895, -0.04804067335827644, 0.0
1.875
2
1.4983331568047152e10, 0.0, 0.0, 0.0, 0.0, 0.0, 0.0
0.0, -0.10486387706951347, 0.9738842164617362, 0.0, -0.9992617396739237, -0.2081002215061116, 0.0
2.03125
2
1.4983331568047152e10, 0.0, 0.0, 0.0, 0.0, 0.0, 0.0
0.0, -0.25892611039529256, 0.9286874103859253, 0.0, -0.9681141201912908, -0.37042241866185227, 0.0
2.1875
2
1.4983331568047152e10, 0.0, 0.0, 0.0, 0.0, 0.0, 0.0
0.0, -0.4059176747419221, 0.8582580080391875, 0.0, -0.9085467485807246, -0.5302058047576463, 0.0
2.34375
2
1.4983331568047152e10, 0.0, 0.0, 0.0, 0.0, 0.0, 0.0
0.0, -0.5413273118521956, 0.7634214145575255, 0.0, -0.819846385568052, -0.6818409735305787, 0.0
2.5
2
1.4983331568047152e10, 0.0, 0.0, 0.0, 0.0, 0.0, 0.0
0.0, -0.6606314761903243, 0.6459298133593098, 0.0, -0.7026279882938647, -0.8191239465616953, 0.0
2.65625
2
1.4983331568047152e10, 0.0, 0.0, 0.0, 0.0, 0.0, 0.0
0.0, -0.7595276460863719, 0.5085273447185028, 0.0, -0.559149669730698, -0.9356401085342868, 0.0
2.8125
2
1.4983331568047152e10, 0.0, 0.0, 0.0, 0.0, 0.0, 0.0
0.0, -0.8342073602431326, 0.3549422360804021, 0.0, -0.39349053616263296, -1.0253098390084068, 0.0
2.96875
2
1.4983331568047152e10, 0.0, 0.0, 0.0, 0.0, 0.0, 0.0
0.0, -0.8816404188910001, 0.18978463329121237, 0.0, -0.2115026723177414, -1.0830350409703684, 0.0
3.125
2
1.4983331568047152e10, 0.0, 0.0, 0.0, 0.0, 0.0, 0.0
0.0, -0.8998300243844354, 0.018342655156857283, 0.0, -0.020482982472835403, -1.10533287931144, 0.0
3.28125
2
1.4983331568047152e10, 0.0, 0.0, 0.0, 0.0, 0.0, 0.0
0.0, -0.8879951388472062, -0.15371033993360506, 0.0, 0.17142106584200642, -1.0908147934118104, 0.0
3.4375
2
1.4983331568047152e10, 0.0, 0.0, 0.0, 0.0, 0.0, 0.0
0.0, -0.846644911035349, -0.3206628852377379, 0.0, 0.35597674241259236, -1.040387633722552, 0.0
3.59375
2
1.4983331568047152e10, 0.0, 0.0, 0.0, 0.0, 0.0, 0.0
0.0, -0.7775299602523857, -0.477118070659071, 0.0, 0.525649060193702, -0.9571216525696185, 0.0
3.75
2
1.4983331568047152e10, 0.0, 0.0, 0.0, 0.0, 0.0, 0.0
0.0, -0.6834805297003199, -0.618301352076257, 0.0, 0.6742418725246879, -0.8458218495860318, 0.0
3.90625
2
1.4983331568047152e10, 0.0, 0.0, 0.0, 0.0, 0.0, 0.0
0.0, -0.5681632417120595, -0.7402852006064377, 0.0, 0.7972864839573913, -0.7124150493226626, 0.0
4.0625
2
1.4983331568047152e10, 0.0, 0.0, 0.0, 0.0, 0.0, 0.0
0.0, -0.43579942651521675, -0.8401128795683872, 0.0, 0.8921464966676521, -0.5632950681653636, 0.0
4.21875
2
1.4983331568047152e10, 0.0, 0.0, 0.0, 0.0, 0.0, 0.0
0.0, -0.29088685537412406, -0.9158249014135743, 0.0, 0.957881108195045, -0.4047486424278391, 0.0
4.375
2
1.4983331568047152e10, 0.0, 0.0, 0.0, 0.0, 0.0, 0.0
0.0, -0.13795631879464662, -0.9664071998388886, 0.0, 0.9949514226862137, -0.2425348428724756, 0.0
4.53125
2
1.4983331568047152e10, 0.0, 0.0, 0.0, 0.0, 0.0, 0.0
0.0, 0.018619646713292467, -0.9916871062976831, 0.0, 1.0048607828120104, -0.0816368029682731, 0.0
4.6875
2
1.4983331568047152e10, 0.0, 0.0, 0.0, 0.0, 0.0, 0.0
0.0, 0.17476157434558082, -0.9922028277779674, 0.0, 0.9898015968371751, 0.07383482962008597, 0.0
4.84375
2
1.4983331568047152e10, 0.0, 0.0, 0.0, 0.0, 0.0, 0.0
0.0, 0.3267662836727133, -0.9690671478169337, 0.0, 0.9523531146548475, 0.2206265523367636, 0.0
5.0
2
1.4983331568047152e10, 0.0, 0.0, 0.0, 0.0, 0.0, 0.0
0.0, 0.4713482099003855, -0.9238394683229812, 0.0, 0.895248832397072, 0.35625727828592285, 0.0
5.15625
2
1.4983331568047152e10, 0.0, 0.0, 0.0, 0.0, 0.0, 0.0
0.0, 0.6056499498525214, -0.8584141293876432, 0.0, 0.8212141023103081, 0.4788998126846296, 0.0
5.3125
2
1.4983331568047152e10, 0.0, 0.0, 0.0, 0.0, 0.0, 0.0
0.0, 0.7272323463474825, -0.7749281712016556, 0.0, 0.7328645965405194, 0.5872538772720047, 0.0
5.46875
2
1.4983331568047152e10, 0.0, 0.0, 0.0, 0.0, 0.0, 0.0
0.0, 0.8340526190803353, -0.6756885245006474, 0.0, 0.6326525972999106, 0.6804262991846621, 0.0
5.625
2
1.4983331568047152e10, 0.0, 0.0, 0.0, 0.0, 0.0, 0.0
0.0, 0.9244369906844577, -0.5631167960002077, 0.0, 0.5228482310805448, 0.7578264646891995, 0.0
5.78125
2
1.4983331568047152e10, 0.0, 0.0, 0.0, 0.0, 0.0, 0.0
0.0, 0.9970523848335326, -0.43970897343727744, 0.0, 0.4055447481557457, 0.8190801053869152, 0.0
5.9375
2
1.4983331568047152e10, 0.0, 0.0, 0.0, 0.0, 0.0, 0.0
0.0, 1.0508802667638806, -0.30800714888237213, 0.0, 0.28267948161431894, 0.8639615425313429, 0.0
6.09375
2
1.4983331568047152e10, 0.0, 0.0, 0.0, 0.0, 0.0, 0.0
0.0, 1.0851945805389658, -0.17058046700401405, 0.0, 0.15606450807856484, 0.892343085972307, 0.0
6.25
2
1.4983331568047152e10, 0.0, 0.0, 0.0, 0.0, 0.0, 0.0
0.0, 1.099544961975164, -0.030012753159236655, 0.0, 0.02742297835538329, 0.9041598414669295, 0.0
6.40625
2
1.4983331568047152e10, 0.0, 0.0, 0.0, 0.0, 0.0, 0.0
0.0, 1.093745894539565, 0.11110545683577838, 0.0, -0.10157148464567645, 0.8993883280261329, 0.0
6.5625
2
1.4983331568047152e10, 0.0, 0.0, 0.0, 0.0, 0.0, 0.0
0.0, 1.0678721480742703, 0.2501825476912323, 0.0, -0.22925398763279964, 0.8780377805754076, 0.0
6.71875
2
1.4983331568047152e10, 0.0, 0.0, 0.0, 0.0, 0.0, 0.0
0.0, 1.0222606236546248, 0.38463105129820496, 0.0, -0.35392734337545306, 0.840153647115171, 0.0
6.875
2
1.4983331568047152e10, 0.0, 0.0, 0.0, 0.0, 0.0, 0.0
0.0, 0.9575185560602373, 0.5118743810128701, 0.0, -0.4738219124762626, 0.7858334800549106, 0.0
7.03125
2
1.4983331568047152e10, 0.0, 0.0, 0.0, 0.0, 0.0, 0.0
0.0, 0.8745378355609001, 0.6293570697456182, 0.0, -0.5870577169077149, 0.7152560897461229, 0.0
7.1875
2
1.4983331568047152e10, 0.0, 0.0, 0.0, 0.0, 0.0, 0.0
0.0, 0.7745149388663454, 0.7345606893769362, 0.0, -0.6916109730562967, 0.6287253856980031, 0.0
7.34375
2
1.4983331568047152e10, 0.0, 0.0, 0.0, 0.0, 0.0, 0.0
0.0, 0.658975535151871, 0.8250278805004945, 0.0, -0.785288405948606, 0.5267306429724761, 0.0
7.5
2
1.4983331568047152e10, 0.0, 0.0, 0.0, 0.0, 0.0, 0.0
0.0, 0.5298021796250234, 0.8983971890461372, 0.0, -0.8657144340753733, 0.41002477964357315, 0.0
7.65625
2
1.4983331568047152e10, 0.0, 0.0, 0.0, 0.0, 0.0, 0.0
0.0, 0.38926254418544, 0.9524515928923161, 0.0, -0.930338534395037, 0.2797212784146111, 0.0
7.8125
2
1.4983331568047152e10, 0.0, 0.0, 0.0, 0.0, 0.0, 0.0
0.0, 0.24003429679649504, 0.9851835466157656, 0.0, -0.9764726256606571, 0.1374081569886687, 0.0
7.96875
2
1.4983331568047152e10, 0.0, 0.0, 0.0, 0.0, 0.0, 0.0
0.0, 0.08522101384918744, 0.9948788325350079, 0.0, -1.0013706439616854, -0.014726686231343428, 0.0
8.125
2
1.4983331568047152e10, 0.0, 0.0, 0.0, 0.0, 0.0, 0.0
0.0, -0.07164850553238315, 0.9802201494590012, 0.0, -1.0023636127041367, -0.17377086624856333, 0.0
8.28125
2
1.4983331568047152e10, 0.0, 0.0, 0.0, 0.0, 0.0, 0.0
0.0, -0.22664714614148537, 0.9404088119213039, 0.0, -0.9770617393915355, -0.33598465199691246, 0.0
8.4375
2
1.4983331568047152e10, 0.0, 0.0, 0.0, 0.0, 0.0, 0.0
0.0, -0.37551356830516003, 0.8752988469602802, 0.0, -0.9236280963315255, -0.4967512196947088, 0.0
8.59375
2
1.4983331568047152e10, 0.0, 0.0, 0.0, 0.0, 0.0, 0.0
0.0, -0.5137641373709165, 0.7855321275570885, 0.0, -0.8411139462822235, -0.6506203477789653, 0.0
8.75
2
1.4983331568047152e10, 0.0, 0.0, 0.0, 0.0, 0.0, 0.0
0.0, -0.6368601080189317, 0.672656571829605, 0.0, -0.7298229369725988, -0.7914881571838375, 0.0
8.90625
2
1.4983331568047152e10, 0.0, 0.0, 0.0, 0.0, 0.0, 0.0
0.0, -0.7404301869183292, 0.5392034492875877, 0.0, -0.5916432544731618, -0.9129440630434, 0.0
9.0625
2
1.4983331568047152e10, 0.0, 0.0, 0.0, 0.0, 0.0, 0.0
0.0, -0.8205370419687732, 0.3886971076982425, 0.0, -0.4302624627934355, -1.0087852327396294, 0.0
9.21875
2
1.4983331568047152e10, 0.0, 0.0, 0.0, 0.0, 0.0, 0.0
0.0, -0.8739621887915197, 0.22557404908233056, 0.0, -0.2511737389437512, -1.0736495921859965, 0.0
9.375
2
1.4983331568047152e10, 0.0, 0.0, 0.0, 0.0, 0.0, 0.0
0.0, -0.8984710092084459, 0.055000269451149046, 0.0, -0.06140874613001246, -1.1036637985868987, 0.0
9.53125
2
1.4983331568047152e10, 0.0, 0.0, 0.0, 0.0, 0.0, 0.0
0.0, -0.8930139908010096, -0.11740482156948498, 0.0, 0.13100540950450534, -1.09696686501596, 0.0
9.6875
2
1.4983331568047152e10, 0.0, 0.0, 0.0, 0.0, 0.0, 0.0
0.0, -0.8578261579124563, -0.28590774472541536, 0.0, 0.3177866566868937, -1.053977837519305, 0.0
9.84375
2
1.4983331568047152e10, 0.0, 0.0, 0.0, 0.0, 0.0, 0.0
0.0, -0.7944045315454947, -0.44501682502698725, 0.0, 0.49119125646264716, -0.9773346222204916, 0.0
10.0
2
1.4983331568047152e10, 0.0, 0.0, 0.0, 0.0, 0.0, 0.0
0.0, -0.7053682654369234, -0.5898033172684876, 0.0, 0.6446966381628868, -0.8715209369266629, 0.0
10.15625
2
1.4983331568047152e10, 0.0, 0.0, 0.0, 0.0, 0.0, 0.0
0.0, -0.5942292825474739, -0.7161459585512316, 0.0, 0.7734490783424941, -0.7422808167176594, 0.0
10.3125
2
1.4983331568047152e10, 0.0, 0.0, 0.0, 0.0, 0.0, 0.0
0.0, -0.4651150550042337, -0.8208765364695365, 0.0, 0.8744274058986397, -0.5959611215260777, 0.0
10.46875
2
1.4983331568047152e10, 0.0, 0.0, 0.0, 0.0, 0.0, 0.0
0.0, -0.32248653815693806, -0.9018258240454267, 0.0, 0.9463513862706495, -0.43891231414442, 0.0
10.625
2
1.4983331568047152e10, 0.0, 0.0, 0.0, 0.0, 0.0, 0.0
0.0, -0.1708854133772794, -0.9577863069880955, 0.0, 0.9894135000546602, -0.27703201508288305, 0.0
10.78125
2
1.4983331568047152e10, 0.0, 0.0, 0.0, 0.0, 0.0, 0.0
0.0, -0.014730987055053517, -0.988416992515119, 0.0, 1.004926356722645, -0.11548082733102111, 0.0
10.9375
2
1.4983331568047152e10, 0.0, 0.0, 0.0, 0.0, 0.0, 0.0
0.0, 0.1418264519508011, -0.994116571401986, 0.0, 0.9949634519588414, 0.04144346193213706, 0.0
11.09375
2
1.4983331568047152e10, 0.0, 0.0, 0.0, 0.0, 0.0, 0.0
0.0, 0.2949990992682155, -0.975886938019784, 0.0, 0.962043787554449, 0.19031064677258772, 0.0
11.25
2
1.4983331568047152e10, 0.0, 0.0, 0.0, 0.0, 0.0, 0.0
0.0, 0.44141093737088366, -0.9352026055576671, 0.0, 0.9088839587180861, 0.3284848141879244, 0.0
11.40625
2
1.4983331568047152e10, 0.0, 0.0, 0.0, 0.0, 0.0, 0.0
0.0, 0.5781139075415236, -0.8738951672412844, 0.0, 0.8382214107048448, 0.45401052159593375, 0.0
11.5625
2
1.4983331568047152e10, 0.0, 0.0, 0.0, 0.0, 0.0, 0.0
0.0, 0.7025815593174682, -0.7940568455480377, 0.0, 0.7527010166952879, 0.5654860091098896, 0.0
11.71875
2
1.4983331568047152e10, 0.0, 0.0, 0.0, 0.0, 0.0, 0.0
0.0, 0.812689112021853, -0.697963665509598, 0.0, 0.6548123315216245, 0.6619409738001365, 0.0
11.875
2
1.4983331568047152e10, 0.0, 0.0, 0.0, 0.0, 0.0, 0.0
0.0, 0.9066868088096337, -0.5880167100135901, 0.0, 0.5468643976512826, 0.7427283899138405, 0.0
12.03125
2
1.4983331568047152e10, 0.0, 0.0, 0.0, 0.0, 0.0, 0.0
0.0, 0.9831715101532188, -0.46669889777838874, 0.0, 0.430986704055023, 0.8074343182746664, 0.0
12.1875
2
1.4983331568047152e10, 0.0, 0.0, 0.0, 0.0, 0.0, 0.0
0.0, 1.0410598837465126, -0.33654439457810376, 0.0, 0.30914739023608123, 0.8558063090835678, 0.0
12.34375
2
1.4983331568047152e10, 0.0, 0.0, 0.0, 0.0, 0.0, 0.0
0.0, 1.0795653513676846, -0.20011782441451748, 0.0, 0.18318224169900102, 0.8876992996512251, 0.0
12.5
2
1.4983331568047152e10, 0.0, 0.0, 0.0, 0.0, 0.0, 0.0
0.0, 1.0981801114968301, -0.06000067803518106, 0.0, 0.05483007462094783, 0.9030372941800616, 0.0
12.65625
2
1.4983331568047152e10, 0.0, 0.0, 0.0, 0.0, 0.0, 0.0
0.0, 1.0966629956327385, 0.08121741352586175, 0.0, -0.07422835365123331, 0.9017891614005674, 0.0
12.8125
2
1.4983331568047152e10, 0.0, 0.0, 0.0, 0.0, 0.0, 0.0
0.0, 1.0750335560777056, 0.22094464213170423, 0.0, -0.20232973514628178, 0.8839573069382887, 0.0
12.96875
2
1.4983331568047152e10, 0.0, 0.0, 0.0, 0.0, 0.0, 0.0
0.0, 1.0335725485955343, 0.3565921760199092, 0.0, -0.32778714747564563, 0.8495785873379743, 0.0
13.125
2
1.4983331568047152e10, 0.0, 0.0, 0.0, 0.0, 0.0, 0.0
0.0, 0.9728287973099623, 0.48558041135173896, 0.0, -0.44884961103693927, 0.7987375180379311, 0.0
13.28125
2
1.4983331568047152e10, 0.0, 0.0, 0.0, 0.0, 0.0, 0.0
0.0, 0.8936322484836021, 0.605348291448862, 0.0, -0.5636635722798462, 0.7315925071971288, 0.0
13.4375
2
1.4983331568047152e10, 0.0, 0.0, 0.0, 0.0, 0.0, 0.0
0.0, 0.7971127710018678, 0.7133678256217628, 0.0, -0.6702382655625506, 0.6484164374351264, 0.0
13.59375
2
1.4983331568047152e10, 0.0, 0.0, 0.0, 0.0, 0.0, 0.0
0.0, 0.6847238759921754, 0.8071661794812927, 0.0, -0.7664180154116728, 0.5496532965272011, 0.0
13.75
2
1.4983331568047152e10, 0.0, 0.0, 0.0, 0.0, 0.0, 0.0
0.0, 0.5582699300628651, 0.8843579791402162, 0.0, -0.8498661581132537, 0.4359925286852935, 0.0
13.90625
2
1.4983331568047152e10, 0.0, 0.0, 0.0, 0.0, 0.0, 0.0
0.0, 0.4199345458257908, 0.9426906864234128, 0.0, -0.9180673850797294, 0.3084620305228398, 0.0
14.0625
2
1.4983331568047152e10, 0.0, 0.0, 0.0, 0.0, 0.0, 0.0
0.0, 0.27230657878493936, 0.9801059158664178, 0.0, -0.9683578019021216, 0.16853880421945092, 0.0
14.21875
2
1.4983331568047152e10, 0.0, 0.0, 0.0, 0.0, 0.0, 0.0
0.0, 0.11839851171441133, 0.9948191522224458, 0.0, -0.9979944381294307, 0.018272644099661436, 0.0
14.375
2
1.4983331568047152e10, 0.0, 0.0, 0.0, 0.0, 0.0, 0.0
0.0, -0.038349963836309, 0.9854191753796994, 0.0, -1.004277444734258, -0.13958767738497488, 0.0
14.53125
2
1.4983331568047152e10, 0.0, 0.0, 0.0, 0.0, 0.0, 0.0
0.0, -0.19409239642325166, 0.9509862280562633, 0.0, -0.9847372383518337, -0.301484663563224, 0.0
14.6875
2
1.4983331568047152e10, 0.0, 0.0, 0.0, 0.0, 0.0, 0.0
0.0, -0.34463083195023464, 0.8912242175798976, 0.0, -0.9373931909745481, -0.46298793832597435, 0.0
14.84375
2
1.4983331568047152e10, 0.0, 0.0, 0.0, 0.0, 0.0, 0.0
0.0, -0.48551679804136705, 0.8065969040458044, 0.0, -0.8610777155166485, -0.6188144508631888, 0.0
15.0
2
1.4983331568047152e10, 0.0, 0.0, 0.0, 0.0, 0.0, 0.0
0.0, -0.6122064285136194, 0.698451526321351, 0.0, -0.7557984479230083, -0.7629760609783927, 0.0
15.15625
2
1.4983331568047152e10, 0.0, 0.0, 0.0, 0.0, 0.0, 0.0
0.0, -0.7202717723794271, 0.5691070089808565, 0.0, -0.6230836824266581, -0.8890895926473739, 0.0
15.3125
2
1.4983331568047152e10, 0.0, 0.0, 0.0, 0.0, 0.0, 0.0
0.0, -0.8056596180497109, 0.42188021347788995, 0.0, -0.46622997311420045, -0.9908579354304584, 0.0
15.46875
2
1.4983331568047152e10, 0.0, 0.0, 0.0, 0.0, 0.0, 0.0
0.0, -0.8649753144048025, 0.26102573014257285, 0.0, -0.290359559330419, -1.0626847890686322, 0.0
15.625
2
1.4983331568047152e10, 0.0, 0.0, 0.0, 0.0, 0.0, 0.0
0.0, -0.8957556428846433, 0.09157486796248067, 0.0, -0.1022140787362235, -1.1003304217093242, 0.0
15.78125
2
1.4983331568047152e10, 0.0, 0.0, 0.0, 0.0, 0.0, 0.0
0.0, -0.8966871775966255, -0.08092239318068664, 0.0, 0.09033366906241776, -1.1014737726173724, 0.0
15.9375
2
1.4983331568047152e10, 0.0, 0.0, 0.0, 0.0, 0.0, 0.0
0.0, -0.8677297841466352, -0.25072680547506243, 0.0, 0.2789886717379385, -1.0660432590849727, 0.0
16.09375
2
1.4983331568047152e10, 0.0, 0.0, 0.0, 0.0, 0.0, 0.0
0.0, -0.8101204714736983, -0.4122665694755122, 0.0, 0.45582970643401827, -0.9962272347045916, 0.0
16.25
2
1.4983331568047152e10, 0.0, 0.0, 0.0, 0.0, 0.0, 0.0
0.0, -0.7262568018219037, -0.560469851592115, 0.0, 0.6140281476403272, -0.8961611941963016, 0.0
16.40625
2
1.4983331568047152e10, 0.0, 0.0, 0.0, 0.0, 0.0, 0.0
0.0, -0.6194833344088972, -0.6910282208995465, 0.0, 0.7483525105873828, -0.771376239538954, 0.0
16.5625
2
1.4983331568047152e10, 0.0, 0.0, 0.0, 0.0, 0.0, 0.0
0.0, -0.4938208348844396, -0.8005639980065181, 0.0, 0.8553924167476519, -0.6281449372426671, 0.0
16.71875
2
1.4983331568047152e10, 0.0, 0.0, 0.0, 0.0, 0.0, 0.0
0.0, -0.353681968588984, -0.8866964403853358, 0.0, 0.9335157553908155, -0.47286078797695674, 0.0
16.875
2
1.4983331568047152e10, 0.0, 0.0, 0.0, 0.0, 0.0, 0.0
0.0, -0.20361012374265428, -0.9480201949366462, 0.0, 0.9826301942079965, -0.3115472036599249, 0.0
17.03125
2
1.4983331568047152e10, 0.0, 0.0, 0.0, 0.0, 0.0, 0.0
0.0, -0.04806477591467154, -0.9840201431697306, 0.0, 1.0038412238985062, -0.14953672526453599, 0.0
17.1875
2
1.4983331568047152e10, 0.0, 0.0, 0.0, 0.0, 0.0, 0.0
0.0, 0.10873714583996942, -0.9949492475863734, 0.0, 0.9990891203104938, 0.008685775798270063, 0.0
17.34375
2
1.4983331568047152e10, 0.0, 0.0, 0.0, 0.0, 0.0, 0.0
0.0, 0.2629253962600193, -0.9816925907507612, 0.0, 0.9708214451329736, 0.15950994751688283, 0.0
17.5
2
1.4983331568047152e10, 0.0, 0.0, 0.0, 0.0, 0.0, 0.0
0.0, 0.41103419581281364, -0.945634571678078, 0.0, 0.9217299515476199, 0.30013981747842344, 0.0
17.65625
2
1.4983331568047152e10, 0.0, 0.0, 0.0, 0.0, 0.0, 0.0
0.0, 0.5500245114424882, -0.8885396847980668, 0.0, 0.8545591090323851, 0.4284859141639576, 0.0
17.8125
2
1.4983331568047152e10, 0.0, 0.0, 0.0, 0.0, 0.0, 0.0
0.0, 0.6772816752985215, -0.812451875441007, 0.0, 0.7719802096163919, 0.5430394497874669, 0.0
17.96875
2
1.4983331568047152e10, 0.0, 0.0, 0.0, 0.0, 0.0, 0.0
0.0, 0.7905976867146757, -0.7196136226278634, 0.0, 0.6765189856207822, 0.6427480984020716, 0.0
18.125
2
1.4983331568047152e10, 0.0, 0.0, 0.0, 0.0, 0.0, 0.0
0.0, 0.8881455160728822, -0.6124035463606029, 0.0, 0.5705234707525206, 0.7269043524644532, 0.0
18.28125
2
1.4983331568047152e10, 0.0, 0.0, 0.0, 0.0, 0.0, 0.0
0.0, 0.9684507436465789, -0.49329012684862167, 0.0, 0.456160236866516, 0.7950513768263636, 0.0
18.4375
2
1.4983331568047152e10, 0.0, 0.0, 0.0, 0.0, 0.0, 0.0
0.0, 1.03036419505527, -0.3647986752492668, 0.0, 0.3354295534340091, 0.8469075166214662, 0.0
18.59375
2
1.4983331568047152e10, 0.0, 0.0, 0.0, 0.0, 0.0, 0.0
0.0, 1.07303795620254, -0.22948869023146362, 0.0, 0.2101925210788397, 0.8823086142025361, 0.0
18.75
2
1.4983331568047152e10, 0.0, 0.0, 0.0, 0.0, 0.0, 0.0
0.0, 1.09590623905671, -0.08993894187320853, 0.0, 0.08220538292707652, 0.9011664850368379, 0.0
18.90625
2
1.4983331568047152e10, 0.0, 0.0, 0.0, 0.0, 0.0, 0.0
0.0, 1.0986719558804545, 0.05126210552778133, 0.0, -0.04684213309583179, 0.9034418389093302, 0.0
19.0625
2
1.4983331568047152e10, 0.0, 0.0, 0.0, 0.0, 0.0, 0.0
0.0, 1.0812994632393038, 0.19152267658362918, 0.0, -0.17528644830691062, 0.8891302931825494, 0.0
19.21875
2
1.4983331568047152e10, 0.0, 0.0, 0.0, 0.0, 0.0, 0.0
0.0, 1.0440136819059913, 0.32825285078086697, 0.0, -0.301449076324172, 0.8582607060623596, 0.0
19.375
2
1.4983331568047152e10, 0.0, 0.0, 0.0, 0.0, 0.0, 0.0
0.0, 0.9873056157062003, 0.458870419772738, 0.0, -0.4235959530819047, 0.8109057345310574, 0.0
19.53125
2
1.4983331568047152e10, 0.0, 0.0, 0.0, 0.0, 0.0, 0.0
0.0, 0.9119441178316896, 0.5808093836397518, 0.0, -0.5398983762434106, 0.747205208828147, 0.0
19.6875
2
1.4983331568047152e10, 0.0, 0.0, 0.0, 0.0, 0.0, 0.0
0.0, 0.818993524289291, 0.6915331759948703, 0.0, -0.6483973321382402, 0.6674035328597705, 0.0
19.84375
2
1.4983331568047152e10, 0.0, 0.0, 0.0, 0.0, 0.0, 0.0
0.0, 0.7098364238668734, 0.7885549342309606, 0.0, -0.746973995234207, 0.5719027571118233, 0.0
20.0
2
1.4983331568047152e10, 0.0, 0.0, 0.0, 0.0, 0.0, 0.0
0.0, 0.5862002878833347, 0.8694674008650773, 0.0, -0.8333306918922866, 0.461333049557868, 0.0
20.15625
2
1.4983331568047152e10, 0.0, 0.0, 0.0, 0.0, 0.0, 0.0
0.0, 0.4501858609541438, 0.9319852783276633, 0.0, -0.9049886412887029, 0.3366417276151378, 0.0
20.3125
2
1.4983331568047152e10, 0.0, 0.0, 0.0, 0.0, 0.0, 0.0
0.0, 0.3042940412320727, 0.9740029317402672, 0.0, -0.9593112225951745, 0.19920039383419874, 0.0
20.46875
2
1.4983331568047152e10, 0.0, 0.0, 0.0, 0.0, 0.0, 0.0
0.0, 0.15144641283153332, 0.9936700358651419, 0.0, -0.9935640246522098, 0.050926497556198984, 0.0
20.625
2
1.4983331568047152e10, 0.0, 0.0, 0.0, 0.0, 0.0, 0.0
0.0, -0.005007323266563118, 0.9894867980666961, 0.0, -1.0050247405619774, -0.10558974603571733, 0.0
20.78125
2
1.4983331568047152e10, 0.0, 0.0, 0.0, 0.0, 0.0, 0.0
0.0, -0.1613038313944164, 0.9604183880530277, 0.0, -0.9911556829279734, -0.2669700390975078, 0.0
20.9375
2
1.4983331568047152e10, 0.0, 0.0, 0.0, 0.0, 0.0, 0.0
0.0, -0.31331306607462694, 0.906024796043419, 0.0, -0.949847236848138, -0.4289712042743297, 0.0
21.09375
2
1.4983331568047152e10, 0.0, 0.0, 0.0, 0.0, 0.0, 0.0
0.0, -0.4566287049664012, 0.8265973290389873, 0.0, -0.8797294997648338, -0.5864838835481843, 0.0
21.25
2
1.4983331568047152e10, 0.0, 0.0, 0.0, 0.0, 0.0, 0.0
0.0, -0.5867113221408041, 0.7232866235477738, 0.0, -0.7805299758366557, -0.7336496205259441, 0.0
21.40625
2
1.4983331568047152e10, 0.0, 0.0, 0.0, 0.0, 0.0, 0.0
0.0, -0.6990880648330792, 0.5982005354070647, 0.0, -0.6534285827427214, -0.864134478395581, 0.0
21.5625
2
1.4983331568047152e10, 0.0, 0.0, 0.0, 0.0, 0.0, 0.0
0.0, -0.7896027763476557, 0.4544457795166106, 0.0, -0.5013337378837416, -0.9715751372273175, 0.0
21.71875
2
1.4983331568047152e10, 0.0, 0.0, 0.0, 0.0, 0.0, 0.0
0.0, -0.8546971093168065, 0.29608776026894534, 0.0, -0.32898751634719964, -1.0501711536117804, 0.0
21.875
2
1.4983331568047152e10, 0.0, 0.0, 0.0, 0.0, 0.0, 0.0
0.0, -0.8916892457224318, 0.12801136575659727, 0.0, -0.14281928404775404, -1.0953422828282435, 0.0
22.03125
2
1.4983331568047152e10, 0.0, 0.0, 0.0, 0.0, 0.0, 0.0
0.0, -0.8990075102820119, -0.04431787618576231, 0.0, 0.04948494656624248, -1.1043226518139602, 0.0
22.1875
2
1.4983331568047152e10, 0.0, 0.0, 0.0, 0.0, 0.0, 0.0
0.0, -0.8763367865589727, -0.21517123204548322, 0.0, 0.2396537478899442, -1.076550531873472, 0.0
22.34375
2
1.4983331568047152e10, 0.0, 0.0, 0.0, 0.0, 0.0, 0.0
0.0, -0.8246487238016079, -0.37891194389092375, 0.0, 0.41962135161435454, -1.0137502921024373, 0.0
22.5
2
1.4983331568047152e10, 0.0, 0.0, 0.0, 0.0, 0.0, 0.0
0.0, -0.7461095106876692, -0.5303370716736269, 0.0, 0.582276078492067, -0.9196838099549233, 0.0
22.65625
2
1.4983331568047152e10, 0.0, 0.0, 0.0, 0.0, 0.0, 0.0
0.0, -0.64388396534263, -0.6649585814440936, 0.0, 0.7220187230935184, -0.7996392377581618, 0.0
22.8125
2
1.4983331568047152e10, 0.0, 0.0, 0.0, 0.0, 0.0, 0.0
0.0, -0.5218731879030619, -0.7791922599482907, 0.0, 0.8350474926632003, -0.6597865066585997, 0.0
22.96875
2
1.4983331568047152e10, 0.0, 0.0, 0.0, 0.0, 0.0, 0.0
0.0, -0.38442968831899216, -0.8704447863112527, 0.0, 0.9193672960548344, -0.5065398648194471, 0.0
23.125
2
1.4983331568047152e10, 0.0, 0.0, 0.0, 0.0, 0.0, 0.0
0.0, -0.2360888475709726, -0.9371090289728975, 0.0, 0.9745852597544842, -0.34603407827824273, 0.0
23.28125
2
1.4983331568047152e10, 0.0, 0.0, 0.0, 0.0, 0.0, 0.0
0.0, -0.08134316241669462, -0.9784901489943099, 0.0, 1.0015831759073033, -0.1837666847941773, 0.0
23.4375
2
1.4983331568047152e10, 0.0, 0.0, 0.0, 0.0, 0.0, 0.0
0.0, 0.07552846407812577, -0.9946891866361544, 0.0, 1.0021532272968854, -0.02440858925594758, 0.0
23.59375
2
1.4983331568047152e10, 0.0, 0.0, 0.0, 0.0, 0.0, 0.0
0.0, 0.23057591182230078, -0.9864683852697922, 0.0, 0.9786596461357886, 0.12824685382723142, 0.0
23.75
2
1.4983331568047152e10, 0.0, 0.0, 0.0, 0.0, 0.0, 0.0
0.0, 0.38024460461533877, -0.9551166347564384, 0.0, 0.9337607316889195, 0.271238639089802, 0.0
23.90625
2
1.4983331568047152e10, 0.0, 0.0, 0.0, 0.0, 0.0, 0.0
0.0, 0.5214043937649354, -0.9023267874492178, 0.0, 0.8702023444819956, 0.4023375213878957, 0.0
24.0625
2
1.4983331568047152e10, 0.0, 0.0, 0.0, 0.0, 0.0, 0.0
0.0, 0.6513515693763098, -0.8300908664006617, 0.0, 0.7906789792495827, 0.5199220433330362, 0.0
24.21875
2
1.4983331568047152e10, 0.0, 0.0, 0.0, 0.0, 0.0, 0.0
0.0, 0.7677937326189355, -0.7406149992649911, 0.0, 0.6977511391940557, 0.6228528033146442, 0.0
24.375
2
1.4983331568047152e10, 0.0, 0.0, 0.0, 0.0, 0.0, 0.0
0.0, 0.8688252887568414, -0.6362532660464897, 0.0, 0.5938057135357537, 0.710357561880119, 0.0
24.53125
2
1.4983331568047152e10, 0.0, 0.0, 0.0, 0.0, 0.0, 0.0
0.0, 0.9528992950619256, -0.5194582290017675, 0.0, 0.48104706566581223, 0.7819331861593732, 0.0
24.6875
2
1.4983331568047152e10, 0.0, 0.0, 0.0, 0.0, 0.0, 0.0
0.0, 1.0187996479677204, -0.3927453329034768, 0.0, 0.36150883600833084, 0.8372662204894123, 0.0
24.84375
2
1.4983331568047152e10, 0.0, 0.0, 0.0, 0.0, 0.0, 0.0
0.0, 1.0656162313790083, -0.258668286877196, 0.0, 0.23707899914343833, 0.8761715455243531, 0.0
25.0
2
1.4983331568047152e10, 0.0, 0.0, 0.0, 0.0, 0.0, 0.0
0.0, 1.0927246635212071, -0.11980271605390527, 0.0, 0.10953296173847732, 0.8985475714740195, 0.0
25.15625
2
1.4983331568047152e10, 0.0, 0.0, 0.0, 0.0, 0.0, 0.0
0.0, 1.0997716093891543, 0.0212643628173951, 0.0, -0.01942875223057082, 0.9043462210728818, 0.0
25.3125
2
1.4983331568047152e10, 0.0, 0.0, 0.0, 0.0, 0.0, 0.0
0.0, 1.0866661900198917, 0.16194143325485855, 0.0, -0.14814043763539927, 0.8935562485814034, 0.0
25.46875
2
1.4983331568047152e10, 0.0, 0.0, 0.0, 0.0, 0.0, 0.0
0.0, 1.0535777406522557, 0.2996377431925496, 0.0, -0.27493020530982987, 0.866198987956689, 0.0
25.625
2
1.4983331568047152e10, 0.0, 0.0, 0.0, 0.0, 0.0, 0.0
0.0, 1.0009399768802545, 0.4317688554937128, 0.0, -0.398079138554779, 0.8223362876793125, 0.0
25.78125
2
1.4983331568047152e10, 0.0, 0.0, 0.0, 0.0, 0.0, 0.0
0.0, 0.9294614567768997, 0.5557644151934712, 0.0, -0.515781767289657, 0.7620910810574393, 0.0
25.9375
2
1.4983331568047152e10, 0.0, 0.0, 0.0, 0.0, 0.0, 0.0
0.0, 0.8401420150517905, 0.6690801851933875, 0.0, -0.6261094838874611, 0.6856816808178, 0.0
26.09375
2
1.4983331568047152e10, 0.0, 0.0, 0.0, 0.0, 0.0, 0.0
0.0, 0.7342945267655833, 0.7692166131870307, 0.0, -0.7269794315540998, 0.5934713743104084, 0.0
26.25
2
1.4983331568047152e10, 0.0, 0.0, 0.0, 0.0, 0.0, 0.0
0.0, 0.6135708601931931, 0.8537464580124929, 0.0, -0.8161327934083835, 0.48603507024262355, 0.0
26.40625
2
1.4983331568047152e10, 0.0, 0.0, 0.0, 0.0, 0.0, 0.0
0.0, 0.4799901217084079, 0.9203542558762279, 0.0, -0.8911283251611525, 0.364244351720201, 0.0
26.5625
2
1.4983331568047152e10, 0.0, 0.0, 0.0, 0.0, 0.0, 0.0
0.0, 0.3359662025116209, 0.9668905283722758, 0.0, -0.9493593403909215, 0.22937093645392928, 0.0
26.71875
2
1.4983331568047152e10, 0.0, 0.0, 0.0, 0.0, 0.0, 0.0
0.0, 0.18433015509015752, 0.9914434362004589, 0.0, -0.9881048964994906, 0.0832057137463659, 0.0
26.875
2
1.4983331568047152e10, 0.0, 0.0, 0.0, 0.0, 0.0, 0.0
0.0, 0.028341075006050223, 0.9924297886479717, 0.0, -1.0046279774783373, -0.07181436026287126, 0.0
27.03125
2
1.4983331568047152e10, 0.0, 0.0, 0.0, 0.0, 0.0, 0.0
0.0, -0.1283228936195233, 0.9687055709191628, 0.0, -0.996333779319537, -0.23248658777767753, 0.0
27.1875
2
1.4983331568047152e10, 0.0, 0.0, 0.0, 0.0, 0.0, 0.0
0.0, -0.28160365819707267, 0.9196930673236983, 0.0, -0.9609978333401573, -0.39475477244928936, 0.0
27.34375
2
1.4983331568047152e10, 0.0, 0.0, 0.0, 0.0, 0.0, 0.0
0.0, -0.4271434889294528, 0.8455169847703543, 0.0, -0.8970642305037082, -0.5536883847785237, 0.0
27.5
2
1.4983331568047152e10, 0.0, 0.0, 0.0, 0.0, 0.0, 0.0
0.0, -0.560416426973842, 0.7471358692655747, 0.0, -0.8039966358505296, -0.7035709269555086, 0.0
27.65625
2
1.4983331568047152e10, 0.0, 0.0, 0.0, 0.0, 0.0, 0.0
0.0, -0.6769160697090579, 0.6264484818388593, 0.0, -0.6826393879121534, -0.8381379114049361, 0.0
27.8125
2
1.4983331568047152e10, 0.0, 0.0, 0.0, 0.0, 0.0, 0.0
0.0, -0.7723961177530075, 0.4863496449898972, 0.0, -0.5355178189284497, -0.950986818565026, 0.0
27.96875
2
1.4983331568047152e10, 0.0, 0.0, 0.0, 0.0, 0.0, 0.0
0.0, -0.843147258253161, 0.3307093027610659, 0.0, -0.3669873703148566, -1.0361431895724216, 0.0
28.125
2
1.4983331568047152e10, 0.0, 0.0, 0.0, 0.0, 0.0, 0.0
0.0, -0.8862797689904229, 0.16425507223704378, 0.0, -0.18314555490144116, -1.0887136021424384, 0.0
28.28125
2
1.4983331568047152e10, 0.0, 0.0, 0.0, 0.0, 0.0, 0.0
0.0, -0.8999704389609733, -0.0076464410237351635, 0.0, 0.00853913141265396, -1.1055053465266844, 0.0
28.4375
2
1.4983331568047152e10, 0.0, 0.0, 0.0, 0.0, 0.0, 0.0
0.0, -0.8836305556842884, -0.17929322980407345, 0.0, 0.19985514244232827, -1.0854703315530174, 0.0
28.59375
2
1.4983331568047152e10, 0.0, 0.0, 0.0, 0.0, 0.0, 0.0
0.0, -0.8379621778491826, -0.34499917395342233, 0.0, 0.3826264790368707, -1.0298574691846156, 0.0
28.75
2
1.4983331568047152e10, 0.0, 0.0, 0.0, 0.0, 0.0, 0.0
0.0, -0.7648911436101937, -0.49944302184335027, 0.0, 0.5494839035137504, -0.9420314679019567, 0.0
28.90625
2
1.4983331568047152e10, 0.0, 0.0, 0.0, 0.0, 0.0, 0.0
0.0, -0.6673905324292669, -0.6379656915023084, 0.0, 0.6944733410406638, -0.8270079320247254, 0.0
29.0625
2
1.4983331568047152e10, 0.0, 0.0, 0.0, 0.0, 0.0, 0.0
0.0, -0.549228785815274, -0.7567803234265937, 0.0, 0.8134017629105679, -0.6908250101021266, 0.0
29.21875
2
1.4983331568047152e10, 0.0, 0.0, 0.0, 0.0, 0.0, 0.0
0.0, -0.4146860494106093, -0.8530807208254819, 0.0, 0.9039015312129041, -0.5398938850768464, 0.0
29.375
2
1.4983331568047152e10, 0.0, 0.0, 0.0, 0.0, 0.0, 0.0
0.0, -0.2682794709350083, -0.9250545412839664, 0.0, 0.9652641366664027, -0.3804445412283114, 0.0
29.53125
2
1.4983331568047152e10, 0.0, 0.0, 0.0, 0.0, 0.0, 0.0
0.0, -0.11452686848727069, -0.9718218854637516, 0.0, 0.9981310143452252, -0.2181310865687303, 0.0
29.6875
2
1.4983331568047152e10, 0.0, 0.0, 0.0, 0.0, 0.0, 0.0
0.0, 0.04223604924590293, -0.993325730064488, 0.0, 1.0041308711827364, -0.05780832172760511, 0.0
29.84375
2
1.4983331568047152e10, 0.0, 0.0, 0.0, 0.0, 0.0, 0.0
0.0, 0.19798225937711453, -0.9901993679330455, 0.0, 0.98553203493392, 0.09654520774159404, 0.0
30.0
2
1.4983331568047152e10, 0.0, 0.0, 0.0, 0.0, 0.0, 0.0
0.0, 0.34906965150433084, -0.9636306248864607, 0.0, 0.9449500535897711, 0.2417988104989722, 0.0
30.15625
2
1.4983331568047152e10, 0.0, 0.0, 0.0, 0.0, 0.0, 0.0
0.0, 0.49227701666671003, -0.9152359784160328, 0.0, 0.885125955050198, 0.37557779862860985, 0.0
30.3125
2
1.4983331568047152e10, 0.0, 0.0, 0.0, 0.0, 0.0, 0.0
0.0, 0.624810892580761, -0.8469516956498256, 0.0, 0.8087737588557824, 0.49614232949884496, 0.0
30.46875
2
1.4983331568047152e10, 0.0, 0.0, 0.0, 0.0, 0.0, 0.0
0.0, 0.7442933562585439, -0.7609445773179708, 0.0, 0.7184869965668894, 0.6022607227393714, 0.0
30.625
2
1.4983331568047152e10, 0.0, 0.0, 0.0, 0.0, 0.0, 0.0
0.0, 0.8487389637688337, -0.6595419423020114, 0.0, 0.616691046963566, 0.6930915783044558, 0.0
30.78125
2
1.4983331568047152e10, 0.0, 0.0, 0.0, 0.0, 0.0, 0.0
0.0, 0.9365269855018535, -0.545178839613063, 0.0, 0.5056286240811734, 0.7680818851967526, 0.0
30.9375
2
1.4983331568047152e10, 0.0, 0.0, 0.0, 0.0, 0.0, 0.0
0.0, 1.0063732619108487, -0.4203597469969777, 0.0, 0.3873678881239029, 0.8268836259223247, 0.0
31.09375
2
1.4983331568047152e10, 0.0, 0.0, 0.0, 0.0, 0.0, 0.0
0.0, 1.0573045579173943, -0.28763185543192443, 0.0, 0.2638251928296486, 0.8692887047557595, 0.0
31.25
2
1.4983331568047152e10, 0.0, 0.0, 0.0, 0.0, 0.0, 0.0
0.0, 1.0886372336105847, -0.14956717826853208, 0.0, 0.13679681607929514, 0.8951807779642742, 0.0
31.40625
2
1.4983331568047152e10, 0.0, 0.0, 0.0, 0.0, 0.0, 0.0
0.0, 1.0999613183180164, -0.008750981047059085, 0.0, 0.007995890124903284, 0.9045022320871376, 0.0
31.5625
2
1.4983331568047152e10, 0.0, 0.0, 0.0, 0.0, 0.0, 0.0
0.0, 1.0911305962058473, 0.13222570922236604, 0.0, -0.12090790009066482, 0.8972347673703859, 0.0
31.71875
2
1.4983331568047152e10, 0.0, 0.0, 0.0, 0.0, 0.0, 0.0
0.0, 1.0622590052819778, 0.27077155234477845, 0.0, -0.24824741622661103, 0.8733925498109942, 0.0
31.875
2
1.4983331568047152e10, 0.0, 0.0, 0.0, 0.0, 0.0, 0.0
0.0, 1.0137234459486746, 0.4043002253664822, 0.0, -0.37231710034109367, 0.83302754329667, 0.0
32.03125
2
1.4983331568047152e10, 0.0, 0.0, 0.0, 0.0, 0.0, 0.0
0.0, 0.9461729247045031, 0.5302375530183292, 0.0, -0.4913330554613649, 0.7762473253679923, 0.0
32.1875
2
1.4983331568047152e10, 0.0, 0.0, 0.0, 0.0, 0.0, 0.0
0.0, 0.8605437606705058, 0.6460324558597802, 0.0, -0.603395662708427, 0.7032463481751249, 0.0
32.34375
2
1.4983331568047152e10, 0.0, 0.0, 0.0, 0.0, 0.0, 0.0
0.0, 0.7580802925412236, 0.7491739279493589, 0.0, -0.7064570338764957, 0.6143521369434526, 0.0
32.5
2
1.4983331568047152e10, 0.0, 0.0, 0.0, 0.0, 0.0, 0.0
0.0, 0.6403600702037169, 0.8372165140628441, 0.0, -0.7982968876840795, 0.5100881770194271, 0.0
32.65625
2
1.4983331568047152e10, 0.0, 0.0, 0.0, 0.0, 0.0, 0.0
0.0, 0.5093218202880705, 0.9078170193580322, 0.0, -0.876512243703739, 0.3912549933035685, 0.0
32.8125
2
1.4983331568047152e10, 0.0, 0.0, 0.0, 0.0, 0.0, 0.0
0.0, 0.36729345905076966, 0.9587853467023657, 0.0, -0.9385286120450544, 0.25902981474806897, 0.0
32.96875
2
1.4983331568047152e10, 0.0, 0.0, 0.0, 0.0, 0.0, 0.0
0.0, 0.21701602844174905, 0.9881522467292296, 0.0, -0.9816428986976492, 0.11508274765700303, 0.0
33.125
2
1.4983331568047152e10, 0.0, 0.0, 0.0, 0.0, 0.0, 0.0
0.0, 0.06165765011110623, 0.9942561260016219, 0.0, -1.0031104805924114, -0.038297024305830374, 0.0
33.28125
2
1.4983331568047152e10, 0.0, 0.0, 0.0, 0.0, 0.0, 0.0
0.0, -0.09519044616801517, 0.9758495460166668, 0.0, -1.0002897223570342, -0.19807831783551932, 0.0
33.4375
2
1.4983331568047152e10, 0.0, 0.0, 0.0, 0.0, 0.0, 0.0
0.0, -0.24954570617995506, 0.9322232743270081, 0.0, -0.9708548119459026, -0.36039082167676584, 0.0
33.59375
2
1.4983331568047152e10, 0.0, 0.0, 0.0, 0.0, 0.0, 0.0
0.0, -0.3971048990794383, 0.8633414193272599, 0.0, -0.91307981895885, -0.5204866677679889, 0.0
33.75
2
1.4983331568047152e10, 0.0, 0.0, 0.0, 0.0, 0.0, 0.0
0.0, -0.5333640146266302, 0.7699753285387867, 0.0, -0.8261811159754585, -0.6728019610348166, 0.0
33.90625
2
1.4983331568047152e10, 0.0, 0.0, 0.0, 0.0, 0.0, 0.0
0.0, -0.6537940090242916, 0.6538172852003065, 0.0, -0.7106813455785023, -0.8111602041295719, 0.0
34.0625
2
1.4983331568047152e10, 0.0, 0.0, 0.0, 0.0, 0.0, 0.0
0.0, -0.7540710412737354, 0.51754934999063, 0.0, -0.5687298078364439, -0.9291454622055508, 0.0
34.21875
2
1.4983331568047152e10, 0.0, 0.0, 0.0, 0.0, 0.0, 0.0
0.0, -0.8303477337725186, 0.3648407289398039, 0.0, -0.40429152104409044, -1.0206391608750915, 0.0
34.375
2
1.4983331568047152e10, 0.0, 0.0, 0.0, 0.0, 0.0, 0.0
0.0, -0.8795377596875459, 0.2002518451361091, 0.0, -0.22311531659839387, -1.0804631892646686, 0.0
34.53125
2
1.4983331568047152e10, 0.0, 0.0, 0.0, 0.0, 0.0, 0.0
0.0, -0.8995740730661085, 0.029036550108453567, 0.0, -0.03242345369277746, -1.1050184648050256, 0.0
34.6875
2
1.4983331568047152e10, 0.0, 0.0, 0.0, 0.0, 0.0, 0.0
0.0, -0.889596947242364, -0.14314590752785988, 0.0, 0.1596681195978687, -1.0927775682496883, 0.0
34.84375
2
1.4983331568047152e10, 0.0, 0.0, 0.0, 0.0, 0.0, 0.0
0.0, -0.8500357766969414, -0.3105759711896959, 0.0, 0.34490854677572186, -1.0445055898830726, 0.0
35.0
2
1.4983331568047152e10, 0.0, 0.0, 0.0, 0.0, 0.0, 0.0
0.0, -0.7825679571853221, -0.46782761964189196, 0.0, 0.5156988458524117, -0.9631486413768096, 0.0
35.15625
2
1.4983331568047152e10, 0.0, 0.0, 0.0, 0.0, 0.0, 0.0
0.0, -0.6899633051176938, -0.6100802490423103, 0.0, 0.6657457365933106, -0.8534208998793434, 0.0
35.3125
2
1.4983331568047152e10, 0.0, 0.0, 0.0, 0.0, 0.0, 0.0
0.0, -0.5758446576899899, -0.7333492188197601, 0.0, 0.7904676562885488, -0.7211990023958976, 0.0
35.46875
2
1.4983331568047152e10, 0.0, 0.0, 0.0, 0.0, 0.0, 0.0
0.0, -0.4444072980814997, -0.8346159727844216, 0.0, 0.887116587798388, -0.5728658361335174, 0.0
35.625
2
1.4983331568047152e10, 0.0, 0.0, 0.0, 0.0, 0.0, 0.0
0.0, -0.30013942682264644, -0.9118600889825605, 0.0, 0.9546541071914281, -0.41472876724301144, 0.0
35.78125
2
1.4983331568047152e10, 0.0, 0.0, 0.0, 0.0, 0.0, 0.0
0.0, -0.14757593113399448, -0.9640115729511992, 0.0, 0.9934646838242576, -0.2525884946176776, 0.0
35.9375
2
1.4983331568047152e10, 0.0, 0.0, 0.0, 0.0, 0.0, 0.0
0.0, 0.0088963610847857, -0.9908492867397479, 0.0, 1.0049977245207138, -0.09148039905525006, 0.0
36.09375
2
1.4983331568047152e10, 0.0, 0.0, 0.0, 0.0, 0.0, 0.0
0.0, 0.16517692460699332, -0.9928714009593046, 0.0, 0.9914124117015989, 0.06443034723218513, 0.0
36.25
2
1.4983331568047152e10, 0.0, 0.0, 0.0, 0.0, 0.0, 0.0
0.0, 0.31753769735752835, -0.9711589742926615, 0.0, 0.9552715487740839, 0.21183909993859495, 0.0
36.40625
2
1.4983331568047152e10, 0.0, 0.0, 0.0, 0.0, 0.0, 0.0
0.0, 0.46266668215090906, -0.9272471902949097, 0.0, 0.8993044921629657, 0.3482201782217075, 0.0
36.5625
2
1.4983331568047152e10, 0.0, 0.0, 0.0, 0.0, 0.0, 0.0
0.0, 0.5976800840705242, -0.8630125359547905, 0.0, 0.8262406185585208, 0.4717095894156975, 0.0
36.71875
2
1.4983331568047152e10, 0.0, 0.0, 0.0, 0.0, 0.0, 0.0
0.0, 0.7201133937260447, -0.7805793345098095, 0.0, 0.7387043840485149, 0.5809780322568041, 0.0
36.875
2
1.4983331568047152e10, 0.0, 0.0, 0.0, 0.0, 0.0, 0.0
0.0, 0.8279000501564712, -0.6822457727012845, 0.0, 0.6391590404038776, 0.6751103418823675, 0.0
37.03125
2
1.4983331568047152e10, 0.0, 0.0, 0.0, 0.0, 0.0, 0.0
0.0, 0.919344257122362, -0.5704276691974665, 0.0, 0.5298860467987945, 0.7534998685945303, 0.0
37.1875
2
1.4983331568047152e10, 0.0, 0.0, 0.0, 0.0, 0.0, 0.0
0.0, 0.9930926358486805, -0.4476173396579702, 0.0, 0.41298912944560284, 0.8157611033063331, 0.0
37.34375
2
1.4983331568047152e10, 0.0, 0.0, 0.0, 0.0, 0.0, 0.0
0.0, 1.0481078663210581, -0.31635465894519593, 0.0, 0.2904144659490205, 0.8616608075931604, 0.0
37.5
2
1.4983331568047152e10, 0.0, 0.0, 0.0, 0.0, 0.0, 0.0
0.0, 1.0836463299670382, -0.17920751480448124, 0.0, 0.16398087981595005, 0.8910663998951227, 0.0
37.65625
2
1.4983331568047152e10, 0.0, 0.0, 0.0, 0.0, 0.0, 0.0
0.0, 1.0992409721651204, -0.038759091012461465, 0.0, 0.03541590776195889, 0.9039098584908948, 0.0
37.8125
2
1.4983331568047152e10, 0.0, 0.0, 0.0, 0.0, 0.0, 0.0
0.0, 1.094690077430716, 0.10240031372625816, 0.0, -0.09360493655756082, 0.9001655221247349, 0.0
37.96875
2
1.4983331568047152e10, 0.0, 0.0, 0.0, 0.0, 0.0, 0.0
0.0, 1.0700523134745659, 0.24167900462904823, 0.0, -0.22141741386394345, 0.879840628249149, 0.0
38.125
2
1.4983331568047152e10, 0.0, 0.0, 0.0, 0.0, 0.0, 0.0
0.0, 1.0256481788956442, 0.3764890872979765, 0.0, -0.3463275190863077, 0.8429780562839475, 0.0
38.28125
2
1.4983331568047152e10, 0.0, 0.0, 0.0, 0.0, 0.0, 0.0
0.0, 0.9620678165049535, 0.5042530520309096, 0.0, -0.46657123401042144, 0.7896714326448848, 0.0
38.4375
2
1.4983331568047152e10, 0.0, 0.0, 0.0, 0.0, 0.0, 0.0
0.0, 0.8801849674343601, 0.622413733943429, 0.0, -0.5802764476627098, 0.7200934263174489, 0.0
38.59375
2
1.4983331568047152e10, 0.0, 0.0, 0.0, 0.0, 0.0, 0.0
0.0, 0.7811765763721243, 0.7284498127647175, 0.0, -0.6854291330605579, 0.634538631330346, 0.0
38.75
2
1.4983331568047152e10, 0.0, 0.0, 0.0, 0.0, 0.0, 0.0
0.0, 0.6665471459296474, 0.8198992645279316, 0.0, -0.7798470521491352, 0.533482764983134, 0.0
38.90625
2
1.4983331568047152e10, 0.0, 0.0, 0.0, 0.0, 0.0, 0.0
0.0, 0.5381563012628239, 0.8943934462121683, 0.0, -0.861165956241818, 0.41765979621275806, 0.0
39.0625
2
1.4983331568047152e10, 0.0, 0.0, 0.0, 0.0, 0.0, 0.0
0.0, 0.3982470845139877, 0.9497046898669745, 0.0, -0.9268454419601369, 0.2881577277133116, 0.0
39.21875
2
1.4983331568047152e10, 0.0, 0.0, 0.0, 0.0, 0.0, 0.0
0.0, 0.2494711851401224, 0.9838102488911906, 0.0, -0.9742041424904291, 0.14653162204994508, 0.0
39.375
2
1.4983331568047152e10, 0.0, 0.0, 0.0, 0.0, 0.0, 0.0
0.0, 0.0949056076373127, 0.9949749379737689, 0.0, -1.0004963048412396, -0.005071484585050476, 0.0
39.53125
2
1.4983331568047152e10, 0.0, 0.0, 0.0, 0.0, 0.0, 0.0
0.0, -0.06194672566476649, 0.9818535130456072, 0.0, -1.0030430486267272, -0.1637874231027328, 0.0
39.6875
2
1.4983331568047152e10, 0.0, 0.0, 0.0, 0.0, 0.0, 0.0
0.0, -0.21718194685569792, 0.9436113643475492, 0.0, -0.9794300737425949, -0.3259298821643798, 0.0
39.84375
2
1.4983331568047152e10, 0.0, 0.0, 0.0, 0.0, 0.0, 0.0
0.0, -0.3665567065535415, 0.8800581101251079, 0.0, -0.9277770040525507, -0.4869362728768679, 0.0
40.0
2
1.4983331568047152e10, 0.0, 0.0, 0.0, 0.0, 0.0, 0.0
0.0, -0.5055968733623786, 0.791783118315609, 0.0, -0.8470695736412885, -0.641404368975498, 0.0
40.15625
2
1.4983331568047152e10, 0.0, 0.0, 0.0, 0.0, 0.0, 0.0
0.0, -0.6297611949165709, 0.6802753985851249, 0.0, -0.737523506185778, -0.7832625087739324, 0.0
40.3125
2
1.4983331568047152e10, 0.0, 0.0, 0.0, 0.0, 0.0, 0.0
0.0, -0.7346606249849096, 0.5480042137138991, 0.0, -0.600920936742026, -0.9061057598620519, 0.0
40.46875
2
1.4983331568047152e10, 0.0, 0.0, 0.0, 0.0, 0.0, 0.0
0.0, -0.8163227046568458, 0.3984337389786768, 0.0, -0.4408352459115203, -1.003700850389794, 0.0
40.625
2
1.4983331568047152e10, 0.0, 0.0, 0.0, 0.0, 0.0, 0.0
0.0, -0.8714763141096689, 0.23594824079378107, 0.0, -0.26265255825620437, -1.070614316390262, 0.0
40.78125
2
1.4983331568047152e10, 0.0, 0.0, 0.0, 0.0, 0.0, 0.0
0.0, -0.8978191898020473, 0.06567570183216517, 0.0, -0.07332241106220312, -1.10286340209891, 0.0
40.9375
2
1.4983331568047152e10, 0.0, 0.0, 0.0, 0.0, 0.0, 0.0
0.0, -0.8942243436605308, -0.1067831340425425, 0.0, 0.11916964137202542, -1.098451553227652, 0.0
41.09375
2
1.4983331568047152e10, 0.0, 0.0, 0.0, 0.0, 0.0, 0.0
0.0, -0.860846619149775, -0.27569142404833125, 0.0, 0.3065339824020709, -1.057654891332577, 0.0
41.25
2
1.4983331568047152e10, 0.0, 0.0, 0.0, 0.0, 0.0, 0.0
0.0, -0.7991078363727669, -0.4355325915208214, 0.0, 0.4809718073054157, -0.9829818893753197, 0.0
41.40625
2
1.4983331568047152e10, 0.0, 0.0, 0.0, 0.0, 0.0, 0.0
0.0, -0.7115635903593334, -0.5813349791069659, 0.0, 0.6358690728748203, -0.8788174437158862, 0.0
41.5625
2
1.4983331568047152e10, 0.0, 0.0, 0.0, 0.0, 0.0, 0.0
0.0, -0.601678301474177, -0.708922023207045, 0.0, 0.7662610237227646, -0.750846614770409, 0.0
41.71875
2
1.4983331568047152e10, 0.0, 0.0, 0.0, 0.0, 0.0, 0.0
0.0, -0.47354966376138097, -0.8150641837951422, 0.0, 0.8690133554837178, -0.6053974759792355, 0.0
41.875
2
1.4983331568047152e10, 0.0, 0.0, 0.0, 0.0, 0.0, 0.0
0.0, -0.33162575891987234, -0.8975307105996665, 0.0, 0.942744455807597, -0.44883525627829, 0.0
42.03125
2
1.4983331568047152e10, 0.0, 0.0, 0.0, 0.0, 0.0, 0.0
0.0, -0.18044974266744152, -0.955056837048323, 0.0, 0.987565411023877, -0.2870956558590707, 0.0
42.1875
2
1.4983331568047152e10, 0.0, 0.0, 0.0, 0.0, 0.0, 0.0
0.0, -0.024453344337963562, -0.9872513902509668, 0.0, 1.0047301424637956, -0.12539005340436024, 0.0
42.34375
2
1.4983331568047152e10, 0.0, 0.0, 0.0, 0.0, 0.0, 0.0
0.0, 0.13219325903367027, -0.9944712129302513, 0.0, 0.9962748089464796, 0.031929157454009885, 0.0
42.5
2
1.4983331568047152e10, 0.0, 0.0, 0.0, 0.0, 0.0, 0.0
0.0, 0.28567797949271956, -0.9776847593067863, 0.0, 0.9646987744741904, 0.18137956864889823, 0.0
42.65625
2
1.4983331568047152e10, 0.0, 0.0, 0.0, 0.0, 0.0, 0.0
0.0, 0.4325985411477001, -0.9383408183678825, 0.0, 0.9127122472147987, 0.32027912322933794, 0.0
42.8125
2
1.4983331568047152e10, 0.0, 0.0, 0.0, 0.0, 0.0, 0.0
0.0, 0.5699803830216111, -0.8782518810085927, 0.0, 0.8430552756551758, 0.4466338928827778, 0.0
42.96875
2
1.4983331568047152e10, 0.0, 0.0, 0.0, 0.0, 0.0, 0.0
0.0, 0.6952714232483469, -0.7994964630019632, 0.0, 0.7583807490305028, 0.5590114880860555, 0.0
43.125
2
1.4983331568047152e10, 0.0, 0.0, 0.0, 0.0, 0.0, 0.0
0.0, 0.8063227409162992, -0.7043410922831564, 0.0, 0.6611889033907611, 0.6564182038370934, 0.0
43.28125
2
1.4983331568047152e10, 0.0, 0.0, 0.0, 0.0, 0.0, 0.0
0.0, 0.9013621832683696, -0.5951805122809253, 0.0, 0.5538001567675308, 0.7381898101891567, 0.0
43.4375
2
1.4983331568047152e10, 0.0, 0.0, 0.0, 0.0, 0.0, 0.0
0.0, 0.978965956189957, -0.4744935814388906, 0.0, 0.4383547336677841, 0.8039002047895288, 0.0
43.59375
2
1.4983331568047152e10, 0.0, 0.0, 0.0, 0.0, 0.0, 0.0
0.0, 1.0380316419400624, -0.3448119860767891, 0.0, 0.3168300122528085, 0.8532886848180639, 0.0
43.75
2
1.4983331568047152e10, 0.0, 0.0, 0.0, 0.0, 0.0, 0.0
0.0, 1.0777548678094977, -0.20869892297833223, 0.0, 0.19106899801893718, 0.8862048085737217, 0.0
43.90625
2
1.4983331568047152e10, 0.0, 0.0, 0.0, 0.0, 0.0, 0.0
0.0, 1.097610987645299, -0.06873513259262241, 0.0, 0.06281540924933623, 0.9025691489363067, 0.0
44.0625
2
1.4983331568047152e10, 0.0, 0.0, 0.0, 0.0, 0.0, 0.0
0.0, 1.0973425622791215, 0.07249006566428665, 0.0, -0.06624756944535842, 0.9023482582820518, 0.0
44.21875
2
1.4983331568047152e10, 0.0, 0.0, 0.0, 0.0, 0.0, 0.0
0.0, 1.076953054546424, 0.21238484994861612, 0.0, -0.1944567428471506, 0.8855425686893429, 0.0
44.375
2
1.4983331568047152e10, 0.0, 0.0, 0.0, 0.0, 0.0, 0.0
0.0, 1.0367069144551746, 0.348360044264502, 0.0, -0.32012783848550946, 0.8521865534461037, 0.0
44.53125
2
1.4983331568047152e10, 0.0, 0.0, 0.0, 0.0, 0.0, 0.0
0.0, 0.9771360522663625, 0.4778352459564631, 0.0, -0.44151499187590365, 0.8023611590846678, 0.0
44.6875
2
1.4983331568047152e10, 0.0, 0.0, 0.0, 0.0, 0.0, 0.0
0.0, 0.8990525186240655, 0.598247895145192, 0.0, -0.5567720626904583, 0.7362191993667058, 0.0
44.84375
2
1.4983331568047152e10, 0.0, 0.0, 0.0, 0.0, 0.0, 0.0
0.0, 0.8035669681927143, 0.7070674053673127, 0.0, -0.6639176814001331, 0.6540250013005727, 0.0
45.0
2
1.4983331568047152e10, 0.0, 0.0, 0.0, 0.0, 0.0, 0.0
0.0, 0.692112108455039, 0.8018167109105305, 0.0, -0.7608070051095607, 0.556209990094604, 0.0
45.15625
2
1.4983331568047152e10, 0.0, 0.0, 0.0, 0.0, 0.0, 0.0
0.0, 0.566469752873275, 0.8801038569730854, 0.0, -0.8451147461681748, 0.44344590350533747, 0.0
45.3125
2
1.4983331568047152e10, 0.0, 0.0, 0.0, 0.0, 0.0, 0.0
0.0, 0.42879922720673475, 0.9396664804480429, 0.0, -0.9143361313060784, 0.3167366345070679, 0.0
45.46875
2
1.4983331568047152e10, 0.0, 0.0, 0.0, 0.0, 0.0, 0.0
0.0, 0.2816636472435495, 0.9784320608662652, 0.0, -0.9658149261057589, 0.17752787717150606, 0.0
45.625
2
1.4983331568047152e10, 0.0, 0.0, 0.0, 0.0, 0.0, 0.0
0.0, 0.1280489619887747, 0.9945964435603278, 0.0, -0.9968101238174988, 0.02783023834071893, 0.0
45.78125
2
1.4983331568047152e10, 0.0, 0.0, 0.0, 0.0, 0.0, 0.0
0.0, -0.028631300126003942, 0.9867220417501062, 0.0, -1.004614495018377, -0.12965427958377734, 0.0
45.9375
2
1.4983331568047152e10, 0.0, 0.0, 0.0, 0.0, 0.0, 0.0
0.0, -0.18455469002300706, 0.953854933350963, 0.0, -0.9867374284606008, -0.29142077706931657, 0.0
46.09375
2
1.4983331568047152e10, 0.0, 0.0, 0.0, 0.0, 0.0, 0.0
0.0, -0.3355426132345103, 0.8956564227761673, 0.0, -0.9411591952814387, -0.4530934371290919, 0.0
46.25
2
1.4983331568047152e10, 0.0, 0.0, 0.0, 0.0, 0.0, 0.0
0.0, -0.47715819487162153, 0.8125393928218059, 0.0, -0.8666515183318764, -0.6094392538240332, 0.0
46.40625
2
1.4983331568047152e10, 0.0, 0.0, 0.0, 0.0, 0.0, 0.0
0.0, -0.6048579039682541, 0.7057933145780549, 0.0, -0.7631386879731362, -0.7545065449326167, 0.0
46.5625
2
1.4983331568047152e10, 0.0, 0.0, 0.0, 0.0, 0.0, 0.0
0.0, -0.7141995037619772, 0.5776754028573414, 0.0, -0.6320461614299959, -0.8819243163683932, 0.0
46.71875
2
1.4983331568047152e10, 0.0, 0.0, 0.0, 0.0, 0.0, 0.0
0.0, -0.8010984368204881, 0.4314414744446301, 0.0, -0.4765569124180987, -0.9853733019876727, 0.0
46.875
2
1.4983331568047152e10, 0.0, 0.0, 0.0, 0.0, 0.0, 0.0
0.0, -0.8621110206624957, 0.2712916597495013, 0.0, -0.30168314905275395, -1.0591945629431596, 0.0
47.03125
2
1.4983331568047152e10, 0.0, 0.0, 0.0, 0.0, 0.0, 0.0
0.0, -0.8947092306751528, 0.10221574439096599, 0.0, -0.11407762709576187, -1.0990463316831605, 0.0
47.1875
2
1.4983331568047152e10, 0.0, 0.0, 0.0, 0.0, 0.0, 0.0
0.0, -0.8975037050602319, -0.07025938978443513, 0.0, 0.07843804218290719, -1.1024761378505112, 0.0
47.34375
2
1.4983331568047152e10, 0.0, 0.0, 0.0, 0.0, 0.0, 0.0
0.0, -0.8703740545768079, -0.24039588046122198, 0.0, 0.2675719553871304, -1.0692692724376522, 0.0
47.5
2
1.4983331568047152e10, 0.0, 0.0, 0.0, 0.0, 0.0, 0.0
0.0, -0.8144804150061137, -0.40260139873279277, 0.0, 0.44535726913432533, -1.001480151312222, 0.0
47.65625
2
1.4983331568047152e10, 0.0, 0.0, 0.0, 0.0, 0.0, 0.0
0.0, -0.732153858841752, -0.551764605174076, 0.0, 0.6048803259708094, -0.9031378687666329, 0.0
47.8125
2
1.4983331568047152e10, 0.0, 0.0, 0.0, 0.0, 0.0, 0.0
0.0, -0.6266877994137731, -0.6835238708571926, 0.0, 0.7408012477730878, -0.7797057726543758, 0.0
47.96875
2
1.4983331568047152e10, 0.0, 0.0, 0.0, 0.0, 0.0, 0.0
0.0, -0.502069453350395, -0.7944409467360037, 0.0, 0.8495956410647512, -0.6374294733650478, 0.0
48.125
2
1.4983331568047152e10, 0.0, 0.0, 0.0, 0.0, 0.0, 0.0
0.0, -0.3626951907387517, -0.882073180599375, 0.0, 0.9295266312288172, -0.4827109000704929, 0.0
48.28125
2
1.4983331568047152e10, 0.0, 0.0, 0.0, 0.0, 0.0, 0.0
0.0, -0.21310709563183142, -0.944956768744382, 0.0, 0.9804158493772666, -0.32160750925677617, 0.0
48.4375
2
1.4983331568047152e10, 0.0, 0.0, 0.0, 0.0, 0.0, 0.0
0.0, -0.05777503917241721, -0.9825247573175498, 0.0, 1.0033052779295193, -0.15950074307782294, 0.0
48.59375
2
1.4983331568047152e10, 0.0, 0.0, 0.0, 0.0, 0.0, 0.0
0.0, 0.09906547094934035, -0.9949864509524007, 0.0, 1.0000935745786632, -0.000929880453296162, 0.0
48.75
2
1.4983331568047152e10, 0.0, 0.0, 0.0, 0.0, 0.0, 0.0
0.0, 0.2535206132522905, -0.9831917442070118, 0.0, 0.9732052677322135, 0.15044162683584592, 0.0
48.90625
2
1.4983331568047152e10, 0.0, 0.0, 0.0, 0.0, 0.0, 0.0
0.0, 0.4020986016470063, -0.9484977557133487, 0.0, 0.9253232822924452, 0.2917701821566015, 0.0
49.0625
2
1.4983331568047152e10, 0.0, 0.0, 0.0, 0.0, 0.0, 0.0
0.0, 0.5417338401251229, -0.8926485724097074, 0.0, 0.8591931079189628, 0.42092614722581473, 0.0
49.21875
2
1.4983331568047152e10, 0.0, 0.0, 0.0, 0.0, 0.0, 0.0
0.0, 0.6697857777496167, -0.8176733893385482, 0.0, 0.7774931611031338, 0.5363684680981261, 0.0
49.375
2
1.4983331568047152e10, 0.0, 0.0, 0.0, 0.0, 0.0, 0.0
0.0, 0.784021925054992, -0.7258043877319178, 0.0, 0.6827594786762586, 0.6370199592543835, 0.0
49.53125
2
1.4983331568047152e10, 0.0, 0.0, 0.0, 0.0, 0.0, 0.0
0.0, 0.8825924790212499, -0.6194132570752409, 0.0, 0.5773514531867402, 0.7221546880020697, 0.0
49.6875
2
1.4983331568047152e10, 0.0, 0.0, 0.0, 0.0, 0.0, 0.0
0.0, 0.9640020052020526, -0.5009639976425356, 0.0, 0.4634466134912389, 0.791302682277487, 0.0
49.84375
2
1.4983331568047152e10, 0.0, 0.0, 0.0, 0.0, 0.0, 0.0
0.0, 1.0270819308930934, -0.37297915510714247, 0.0, 0.34305483873201126, 0.8441732940619242, 0.0
50.0
2
1.4983331568047152e10, 0.0, 0.0, 0.0, 0.0, 0.0, 0.0
0.0, 1.070966300172179, -0.2380166137535584, 0.0, 0.21804490942543533, 0.8805964573706648, 0.0
50.15625
2
1.4983331568047152e10, 0.0, 0.0, 0.0, 0.0, 0.0, 0.0
0.0, 1.0950723091597723, -0.09865427394047234, 0.0, 0.09017848010467544, 0.9004802150617903, 0.0
50.3125
2
1.4983331568047152e10, 0.0, 0.0, 0.0, 0.0, 0.0, 0.0
0.0, 1.0990865099761797, 0.04251979124961898, 0.0, -0.038851760374477205, 0.9037827897958778, 0.0
50.46875
2
1.4983331568047152e10, 0.0, 0.0, 0.0, 0.0, 0.0, 0.0
0.0, 1.0829571644186562, 0.1829138582748823, 0.0, -0.1673818046935239, 0.8904978155262386, 0.0
50.625
2
1.4983331568047152e10, 0.0, 0.0, 0.0, 0.0, 0.0, 0.0
0.0, 1.0468929665076632, 0.31993773887375254, 0.0, -0.29373528098915, 0.860651917673699, 0.0
50.78125
2
1.4983331568047152e10, 0.0, 0.0, 0.0, 0.0, 0.0, 0.0
0.0, 0.9913681673933613, 0.4510085389034205, 0.0, -0.41618272689587815, 0.8143145036400987, 0.0
50.9375
2
1.4983331568047152e10, 0.0, 0.0, 0.0, 0.0, 0.0, 0.0
0.0, 0.9171339628725685, 0.5735589323887929, 0.0, -0.5329023855431138, 0.7516203140891039, 0.0
51.09375
2
1.4983331568047152e10, 0.0, 0.0, 0.0, 0.0, 0.0, 0.0
0.0, 0.8252357801589818, 0.6850500291173952, 0.0, -0.6419442546193999, 0.6728059099617865, 0.0
51.25
2
1.4983331568047152e10, 0.0, 0.0, 0.0, 0.0, 0.0, 0.0
0.0, 0.7170357598643011, 0.7829911362287966, 0.0, -0.7412000970737994, 0.5782617228407008, 0.0
51.40625
2
1.4983331568047152e10, 0.0, 0.0, 0.0, 0.0, 0.0, 0.0
0.0, 0.5942391974614971, 0.8649689829963568, 0.0, -0.8283835967195894, 0.46860140434602743, 0.0
51.5625
2
1.4983331568047152e10, 0.0, 0.0, 0.0, 0.0, 0.0, 0.0
0.0, 0.4589229058794053, 0.9286892195884804, 0.0, -0.9010268324537406, 0.3447496981864479, 0.0
51.71875
2
1.4983331568047152e10, 0.0, 0.0, 0.0, 0.0, 0.0, 0.0
0.0, 0.3135623115945406, 0.9720330880815715, 0.0, -0.9565016619559923, 0.2080485183361943, 0.0
51.875
2
1.4983331568047152e10, 0.0, 0.0, 0.0, 0.0, 0.0, 0.0
0.0, 0.161052555165804, 0.9931318962373096, 0.0, -0.9920771254751268, 0.060377812639190294, 0.0
52.03125
2
1.4983331568047152e10, 0.0, 0.0, 0.0, 0.0, 0.0, 0.0
0.0, 0.004716968607112187, 0.9904610116644504, 0.0, -1.0050258631699356, -0.09571745115251844, 0.0
52.1875
2
1.4983331568047152e10, 0.0, 0.0, 0.0, 0.0, 0.0, 0.0
0.0, -0.15170575774260625, 0.9629531685417201, 0.0, -0.9927924361992305, -0.2569105773690433, 0.0
52.34375
2
1.4983331568047152e10, 0.0, 0.0, 0.0, 0.0, 0.0, 0.0
0.0, -0.3041061657835362, 0.9101275659002044, 0.0, -0.9532323121659142, -0.419012980058849, 0.0
52.5
2
1.4983331568047152e10, 0.0, 0.0, 0.0, 0.0, 0.0, 0.0
0.0, -0.4480914651486625, 0.8322263222988329, 0.0, -0.8849196822813972, -0.5769669830641527, 0.0
52.65625
2
1.4983331568047152e10, 0.0, 0.0, 0.0, 0.0, 0.0, 0.0
0.0, -0.5791252530445473, 0.7303435797165675, 0.0, -0.7875034209964827, -0.7249543382897367, 0.0
52.8125
2
1.4983331568047152e10, 0.0, 0.0, 0.0, 0.0, 0.0, 0.0
0.0, -0.6927237447081681, 0.606525990202833, 0.0, -0.6620642173223494, -0.8566593542282385, 0.0
52.96875
2
1.4983331568047152e10, 0.0, 0.0, 0.0, 0.0, 0.0, 0.0
0.0, -0.7847031876055106, 0.463818622042923, 0.0, -0.5113981640618234, -0.9657045488892766, 0.0
53.125
2
1.4983331568047152e10, 0.0, 0.0, 0.0, 0.0, 0.0, 0.0
0.0, -0.8514598924698827, 0.3062304867327136, 0.0, -0.3401351365416466, -1.046235633721701, 0.0
53.28125
2
1.4983331568047152e10, 0.0, 0.0, 0.0, 0.0, 0.0, 0.0
0.0, -0.890250286144288, 0.13860169159297722, 0.0, -0.1546096285366136, -1.0935781623636438, 0.0
53.4375
2
1.4983331568047152e10, 0.0, 0.0, 0.0, 0.0, 0.0, 0.0
0.0, -0.8994286092148426, -0.033629614236468826, 0.0, 0.037552690097254086, -1.1048398229996996, 0.0
53.59375
2
1.4983331568047152e10, 0.0, 0.0, 0.0, 0.0, 0.0, 0.0
0.0, -0.8785997697849832, -0.20474082245390932, 0.0, 0.2280941248465485, -1.0793165240077975, 0.0
53.75
2
1.4983331568047152e10, 0.0, 0.0, 0.0, 0.0, 0.0, 0.0
0.0, -0.8286571925498506, -0.3690791535007115, 0.0, 0.4089131650217415, -1.018595037616914, 0.0
53.90625
2
1.4983331568047152e10, 0.0, 0.0, 0.0, 0.0, 0.0, 0.0
0.0, -0.751697871565967, -0.5214058111522267, 0.0, 0.5728202833742636, -0.9263237691305307, 0.0
54.0625
2
1.4983331568047152e10, 0.0, 0.0, 0.0, 0.0, 0.0, 0.0
0.0, -0.6508319368644585, -0.6571819562364118, 0.0, 0.714111337078788, -0.807714428574928, 0.0
54.21875
2
1.4983331568047152e10, 0.0, 0.0, 0.0, 0.0, 0.0, 0.0
0.0, -0.5299231505050715, -0.7727638393487191, 0.0, 0.8288703167685342, -0.6689015647073678, 0.0
54.375
2
1.4983331568047152e10, 0.0, 0.0, 0.0, 0.0, 0.0, 0.0
0.0, -0.3933042001405143, -0.8654960614458636, 0.0, 0.9149944093358113, -0.5163010632336902, 0.0
54.53125
2
1.4983331568047152e10, 0.0, 0.0, 0.0, 0.0, 0.0, 0.0
0.0, -0.24550623262358215, -0.9337119841289128, 0.0, 0.9720002288539938, -0.35607720553385097, 0.0
54.6875
2
1.4983331568047152e10, 0.0, 0.0, 0.0, 0.0, 0.0, 0.0
0.0, -0.09102995226344836, -0.9766633470435915, 0.0, 1.0007012035147744, -0.19377413035060295, 0.0
54.84375
2
1.4983331568047152e10, 0.0, 0.0, 0.0, 0.0, 0.0, 0.0
0.0, 0.06582861348041165, -0.9944057343900533, 0.0, 1.0028434616714044, -0.03411664359969375, 0.0
55.0
2
1.4983331568047152e10, 0.0, 0.0, 0.0, 0.0, 0.0, 0.0
0.0, 0.22109659169789042, -0.9876644269043373, 0.0, 0.980764605230161, 0.11904808895998742, 0.0
55.15625
2
1.4983331568047152e10, 0.0, 0.0, 0.0, 0.0, 0.0, 0.0
0.0, 0.37119373573827297, -0.9576994301460151, 0.0, 0.9371114653557914, 0.26271004442828694, 0.0
55.3125
2
1.4983331568047152e10, 0.0, 0.0, 0.0, 0.0, 0.0, 0.0
0.0, 0.5129633285905212, -0.9061818282871978, 0.0, 0.874629170129334, 0.3945981476373796, 0.0
55.46875
2
1.4983331568047152e10, 0.0, 0.0, 0.0, 0.0, 0.0, 0.0
0.0, 0.6436755573409711, -0.8350877957807411, 0.0, 0.7960183153756668, 0.5130570145681346, 0.0
55.625
2
1.4983331568047152e10, 0.0, 0.0, 0.0, 0.0, 0.0, 0.0
0.0, 0.7610131998577594, -0.746612312674856, 0.0, 0.7038492367081964, 0.616920881595628, 0.0
55.78125
2
1.4983331568047152e10, 0.0, 0.0, 0.0, 0.0, 0.0, 0.0
0.0, 0.8630475121306711, -0.6431018960093101, 0.0, 0.6005201003693782, 0.7053978108370098, 0.0
55.9375
2
1.4983331568047152e10, 0.0, 0.0, 0.0, 0.0, 0.0, 0.0
0.0, 0.9482101699151507, -0.5270041752691095, 0.0, 0.48824640610743225, 0.7779705068491118, 0.0
56.09375
2
1.4983331568047152e10, 0.0, 0.0, 0.0, 0.0, 0.0, 0.0
0.0, 1.0152653465391461, -0.40083151835939024, 0.0, 0.3690717491900292, 0.8343157328357356, 0.0
56.25
2
1.4983331568047152e10, 0.0, 0.0, 0.0, 0.0, 0.0, 0.0
0.0, 1.0632846217231307, -0.26713581458152136, 0.0, 0.244892229027196, 0.8742418890186613, 0.0
56.40625
2
1.4983331568047152e10, 0.0, 0.0, 0.0, 0.0, 0.0, 0.0
0.0, 1.0916264098571125, -0.1284916879678315, 0.0, 0.11748916499062105, 0.8976432334697028, 0.0
56.5625
2
1.4983331568047152e10, 0.0, 0.0, 0.0, 0.0, 0.0, 0.0
0.0, 1.0999209086650847, 0.012514321793951186, 0.0, -0.011433427929537193, 0.9044689959087923, 0.0
56.71875
2
1.4983331568047152e10, 0.0, 0.0, 0.0, 0.0, 0.0, 0.0
0.0, 1.088061121154011, 0.15329081650935514, 0.0, -0.14020887505174356, 0.8947059035108376, 0.0
56.875
2
1.4983331568047152e10, 0.0, 0.0, 0.0, 0.0, 0.0, 0.0
0.0, 1.056200217003959, 0.29124684842931825, 0.0, -0.2671668638735396, 0.8683731734550326, 0.0
57.03125
2
1.4983331568047152e10, 0.0, 0.0, 0.0, 0.0, 0.0, 0.0
0.0, 1.0047553031756007, 0.42379739766118096, 0.0, -0.39059255967280915, 0.8255296869635034, 0.0
57.1875
2
1.4983331568047152e10, 0.0, 0.0, 0.0, 0.0, 0.0, 0.0
0.0, 0.934417502840639, 0.5483709442628978, 0.0, -0.5086869578140959, 0.7662937514663308, 0.0
57.34375
2
1.4983331568047152e10, 0.0, 0.0, 0.0, 0.0, 0.0, 0.0
0.0, 0.8461680342097887, 0.6624211763792377, 0.0, -0.6195300556151345, 0.6908765032241345, 0.0
57.5
2
1.4983331568047152e10, 0.0, 0.0, 0.0, 0.0, 0.0, 0.0
0.0, 0.7412996709299523, 0.7634450820507693, 0.0, -0.7210493047149427, 0.5996305035609222, 0.0
57.65625
2
1.4983331568047152e10, 0.0, 0.0, 0.0, 0.0, 0.0, 0.0
0.0, 0.6214424811611338, 0.8490099359265534, 0.0, -0.8109971705169143, 0.49311528213165473, 0.0
57.8125
2
1.4983331568047152e10, 0.0, 0.0, 0.0, 0.0, 0.0, 0.0
0.0, 0.48859200410380743, 0.9167919479717381, 0.0, -0.8869435084497478, 0.37218122966510186, 0.0
57.96875
2
1.4983331568047152e10, 0.0, 0.0, 0.0, 0.0, 0.0, 0.0
0.0, 0.34513695248799964, 0.9646294754858705, 0.0, -0.9462908100689171, 0.23807196189946023, 0.0
58.125
2
1.4983331568047152e10, 0.0, 0.0, 0.0, 0.0, 0.0, 0.0
0.0, 0.19388207219912656, 0.9905935285991075, 0.0, -0.9863229147093024, 0.0925425536253345, 0.0
58.28125
2
1.4983331568047152e10, 0.0, 0.0, 0.0, 0.0, 0.0, 0.0
0.0, 0.03805995803985903, 0.993077552187263, 0.0, -1.0042998901799431, -0.06201370348215716, 0.0
58.4375
2
1.4983331568047152e10, 0.0, 0.0, 0.0, 0.0, 0.0, 0.0
0.0, -0.11867642882864575, 0.9709067896419148, 0.0, -0.9976122527046332, -0.22244456918498384, 0.0
58.59375
2
1.4983331568047152e10, 0.0, 0.0, 0.0, 0.0, 0.0, 0.0
0.0, -0.2722906750363607, 0.9234645424118062, 0.0, -0.9640046217982412, -0.38474820543380805, 0.0
58.75
2
1.4983331568047152e10, 0.0, 0.0, 0.0, 0.0, 0.0, 0.0
0.0, -0.4184403598298781, 0.8508280656320015, 0.0, -0.9018698811742651, -0.544047012823821, 0.0
58.90625
2
1.4983331568047152e10, 0.0, 0.0, 0.0, 0.0, 0.0, 0.0
0.0, -0.5526050773122777, 0.7539008004869634, 0.0, -0.8105978719862432, -0.6946679719508314, 0.0
59.0625
2
1.4983331568047152e10, 0.0, 0.0, 0.0, 0.0, 0.0, 0.0
0.0, -0.6702707211620349, 0.634521003437199, 0.0, -0.6909376492141541, -0.8303704212136205, 0.0
59.21875
2
1.4983331568047152e10, 0.0, 0.0, 0.0, 0.0, 0.0, 0.0
0.0, -0.7671670943625993, 0.49552150816238566, 0.0, -0.5453040787471586, -0.9447453313759014, 0.0
59.375
2
1.4983331568047152e10, 0.0, 0.0, 0.0, 0.0, 0.0, 0.0
0.0, -0.8395432904149931, 0.3407142242109235, 0.0, -0.3779390245197568, -1.031773152872624, 0.0
59.53125
2
1.4983331568047152e10, 0.0, 0.0, 0.0, 0.0, 0.0, 0.0
0.0, -0.8844510685443382, 0.17477899681443837, 0.0, -0.1948399324016992, -1.0864744640351383, 0.0
59.6875
2
1.4983331568047152e10, 0.0, 0.0, 0.0, 0.0, 0.0, 0.0
0.0, -0.8999952800883797, 0.0030509497564406448, 0.0, -0.0034063620633611505, -1.105535837497127, 0.0
59.84375
2
1.4983331568047152e10, 0.0, 0.0, 0.0, 0.0, 0.0, 0.0
0.0, -0.8855078671363811, -0.16877873346342517, 0.0, 0.18817436440190347, -1.0877685376476722, 0.0
60.0
2
1.4983331568047152e10, 0.0, 0.0, 0.0, 0.0, 0.0, 0.0
0.0, -0.8416116461774938, -0.3350125256537782, 0.0, 0.3717007261475691, -1.0342811131486846, 0.0
60.15625
2
1.4983331568047152e10, 0.0, 0.0, 0.0, 0.0, 0.0, 0.0
0.0, -0.7701608059618085, -0.4902971937814156, 0.0, 0.5397335174754461, -0.9483183196214793, 0.0
60.3125
2
1.4983331568047152e10, 0.0, 0.0, 0.0, 0.0, 0.0, 0.0
0.0, -0.6740703239597305, -0.6299255290503372, 0.0, 0.6862180037822693, -0.8348108091488727, 0.0
60.46875
2
1.4983331568047152e10, 0.0, 0.0, 0.0, 0.0, 0.0, 0.0
0.0, -0.5570675197204934, -0.7500524523446525, 0.0, 0.8068474606839988, -0.699752727783632, 0.0
60.625
2
1.4983331568047152e10, 0.0, 0.0, 0.0, 0.0, 0.0, 0.0
0.0, -0.42340909926384296, -0.8478097527282458, 0.0, 0.899144055775733, -0.54954967958196, 0.0
60.78125
2
1.4983331568047152e10, 0.0, 0.0, 0.0, 0.0, 0.0, 0.0
0.0, -0.2776049011562363, -0.921324683252564, 0.0, 0.9623045101861423, -0.3904561383446466, 0.0
60.9375
2
1.4983331568047152e10, 0.0, 0.0, 0.0, 0.0, 0.0, 0.0
0.0, -0.12417860178367876, -0.9696624207896614, 0.0, 0.9968970399828222, -0.22817006656317582, 0.0
61.09375
2
1.4983331568047152e10, 0.0, 0.0, 0.0, 0.0, 0.0, 0.0
0.0, 0.03251856955985591, -0.992718710057888, 0.0, 1.0044997250265362, -0.06759932525125176, 0.0
61.25
2
1.4983331568047152e10, 0.0, 0.0, 0.0, 0.0, 0.0, 0.0
0.0, 0.18843778322115362, -0.9910880864469085, 0.0, 0.9873504690953746, 0.08722322793811925, 0.0
61.40625
2
1.4983331568047152e10, 0.0, 0.0, 0.0, 0.0, 0.0, 0.0
0.0, 0.3399116854050303, -0.9659278430072148, 0.0, 0.9480505101509339, 0.2331165963902852, 0.0
61.5625
2
1.4983331568047152e10, 0.0, 0.0, 0.0, 0.0, 0.0, 0.0
0.0, 0.48369255454341276, -0.9188312736195071, 0.0, 0.8893382140778322, 0.3676626288928871, 0.0
61.71875
2
1.4983331568047152e10, 0.0, 0.0, 0.0, 0.0, 0.0, 0.0
0.0, 0.6169606416607655, -0.8517176430883376, 0.0, 0.8139325381975415, 0.4890858786402916, 0.0
61.875
2
1.4983331568047152e10, 0.0, 0.0, 0.0, 0.0, 0.0, 0.0
0.0, 0.7373128833144106, -0.7667417041539455, 0.0, 0.724436271678826, 0.5961267589567392, 0.0
62.03125
2
1.4983331568047152e10, 0.0, 0.0, 0.0, 0.0, 0.0, 0.0
0.0, 0.8427403143001638, -0.6662225371697782, 0.0, 0.6232859175801361, 0.6879228465046402, 0.0
62.1875
2
1.4983331568047152e10, 0.0, 0.0, 0.0, 0.0, 0.0, 0.0
0.0, 0.9316004514988423, -0.552589770631511, 0.0, 0.5127354592550927, 0.7639058896295483, 0.0
62.34375
2
1.4983331568047152e10, 0.0, 0.0, 0.0, 0.0, 0.0, 0.0
0.0, 1.0025890764892733, -0.42834446707501184, 0.0, 0.3948633281286937, 0.8237172528544469, 0.0
62.5
2
1.4983331568047152e10, 0.0, 0.0, 0.0, 0.0, 0.0, 0.0
0.0, 1.0547143731581536, -0.29603177250390095, 0.0, 0.2715944308094594, 0.867141744084861, 0.0
62.65625
2
1.4983331568047152e10, 0.0, 0.0, 0.0, 0.0, 0.0, 0.0
0.0, 1.0872752932843308, -0.15822255454901016, 0.0, 0.14473144995448847, 0.8940584488141416, 0.0
62.8125
2
1.4983331568047152e10, 0.0, 0.0, 0.0, 0.0, 0.0, 0.0
0.0, 1.0998452742745963, -0.01750150842054028, 0.0, 0.01599153454113234, 0.9044068190364585, 0.0
