0.0
11
1.9884744919942635e30, 0.0, 0.0, 0.0, 0.0, 0.0, 0.0
3.3011276110721486e23, 5.763344134930296e10, 3.847952352995413e10, 8.413413485317856e9, -21778.086788146167, 32181.28545186385, -767.1828741766398
4.86747010986423e24, 2.480210442106296e10, 1.0504158159082736e11, 5.843552386413649e9, -34067.37541296716, 8236.575635006353, 864.1191186164879
5.972362582659482e24, 1.8281027170902073e10, 1.501127147112765e11, 1.4066913541386754e6, -29290.059996102154, 3189.0664210776067, -0.05811491131932309
6.417116682290036e23, -2.3390632857100165e11, 6.678395667798973e10, -7.266467934436053e8, -7589.286129388383, -21232.288269927907, 719.9633652056674
1.898186344128679e27, 3.739820664194447e11, 6.469517254819806e11, -1.4291944028661371e10, -11955.160049685346, 6467.927019806957, -158.0134990399495
5.6833555159059975e26, -1.4702173954583262e12, 3.2226011508798615e11, 3.846654770325761e10, -1882.5881432940841, -8926.893379150048, -323.6629596309932
8.681250912203955e25, 1.5859526419266624e12, -2.263970551563694e12, -2.231766733449372e10, 5659.543006178014, 4213.288762797815, -74.59158132716685
1.0243398078156983e26, 1.9750238702187812e12, 4.0810911162714346e12, -9.862849027353415e10, -4856.120814378994, 2330.6061290216094, 118.61041915864001
1.305048179576907e22, -3.2430222955365576e12, -3.568712443747991e12, -1.4001505220476868e12, 3362.5538934527563, -4290.383378351357, -824.2358514416969
4.4949994704141455e11, 1.2244638984189462e11, 1.6748987169869913e11, 1.6282837300426128e10, -17206.460642132333, 15222.184515191031, -1360.4464579309113
4.6948740391373e8
11
1.9884744919942635e30, -5.374733886294988e9, 2.21427438767854e9, -1.0230760715051448e8, -7.153752292652374, 12.584192967202283, -0.6140402750796787
3.3011276110721486e23, 5.096541180536406e10, -2.4369868533715553e10, 4.810530073191342e9, 25740.188925469236, 35658.11313138386, 4709.221841694621
4.86747010986423e24, -9.258751393250876e10, 6.711959063426421e10, 4.6599246741064005e9, -20931.509824040877, -27788.838104608196, -1387.0187626403058
5.972362582659482e24, 1.103119285432294e11, 1.0093406593565236e11, -1.024301048599923e8, -19062.816997747323, 22261.50580815572, -0.37978021794526273
6.417116682290036e23, -1.690513590484988e11, 1.6857339216210745e11, -4.407652983094831e9, -18223.523606788243, -14913.348796398264, 582.6451403428007
1.898186344128679e27, -7.171853934151001e11, 2.6534298947375104e11, -6.71215729386562e9, -5185.671931164445, -12336.60147351058, 274.139368931668
5.6833555159059975e26, 1.3307615951793516e12, -1.791163885524276e11, -3.0513201503080612e10, 1507.8056334081916, 10072.225221190096, 374.43190383009767
8.681250912203955e25, 2.6635102211911694e12, 6.980313254661337e11, -3.567199546089858e10, -1630.9940827166706, 6894.933935025829, 24.56943409217632
1.0243398078156983e26, -4.903569305273371e11, 4.492476143382375e12, -3.0690544046822952e10, -5369.25314799052, -630.3666050570656, 163.19812485937976
1.305048179576907e22, -1.3829746729000874e12, -5.15067665218515e12, -1.630697124817796e12, 4376.244753090599, -2434.22803351684, -175.63614945144158
4.4949994704141455e11, -1.5575956565482355e11, -3.943934508454173e10, -1.6184235690754068e10, 12516.816048435783, -28071.276571908977, 588.8876283864165
9.396836110798198e8
11
1.9884744919942635e30, -1.0460451491998692e10, 4.887678212794638e9, -2.6070496139981997e8, -22.375430518075824, 11.012000760727481, -0.25964831758790496
3.3011276110721486e23, 4.952845679235249e9, -4.548366956967448e10, -1.1358827795293539e9, 51733.28790436325, 5573.170847914235, 6059.602140453425
4.86747010986423e24, -9.126942597658273e10, -6.7754367424828545e10, -3.595107779571519e9, 23419.176993063928, -25727.405322905008, -1762.8818078893585
5.972362582659482e24, 1.4058725328564294e11, 1.9837554888438374e10, -2.6305170450372678e8, -2676.651512380248, 29242.734166715978, -0.23415416911330816
6.417116682290036e23, -7.33590093609347e10, 2.1868167462768802e11, -6.672657783539509e9, -24218.95503378768, -4761.102939024914, 296.69563422731045
1.898186344128679e27, -2.915682740636404e11, -7.570809082072437e11, 1.6754980212125544e10, 11602.031580001845, -4592.842466580419, 114.3426567190667
5.6833555159059975e26, -1.4985950909711597e12, 2.3817775296564465e11, 3.474168489804246e10, -1308.8180864214542, -9026.466701426125, -337.9011153315648
8.681250912203955e25, 4.4531984361164124e11, 2.855649165765954e12, -5.084879400185328e9, -6637.007342476064, 1384.428693032977, 89.42575227815959
1.0243398078156983e26, -2.806146558605642e12, 3.5101387157750513e12, 4.6765078940695404e10, -4211.173676091135, -3445.0726595195356, 157.3224069295574
1.305048179576907e22, 7.293564664889873e11, -5.876488480405181e12, -1.5875463028754626e12, 4492.703378310897, -697.8825260085581, 332.6910861698735
4.4949994704141455e11, 1.383669378703867e11, 1.4293576467841318e11, 1.793973499781445e10, -13710.117000284508, 19200.13660980279, -921.5110326677651
1.4101538966256976e9
11
1.9884744919942635e30, -1.773070488982002e10, 6.58313378011234e9, -3.517340329231467e8, -16.89051850634629, -9.79270935346581, -0.11006933585781659
3.3011276110721486e23, -4.1866542304536194e10, -3.330268387368534e10, -5.096750517917569e9, 46856.80775694355, -34114.967367924575, 3474.7607677875126
4.86747010986423e24, 4.63846585976747e10, -7.979576306549132e10, -6.10207085709051e9, 28140.455337844913, 21054.40552072852, 915.9688888800501
5.972362582659482e24, 1.1717093332111914e11, -6.0779914900784805e10, -3.549232095733742e8, 13572.902012545766, 26229.255013822894, -0.5514423953858103
6.417116682290036e23, 2.9157022081419304e10, 2.1511396356642807e11, -7.255924918560342e9, -24606.51858666116, 7359.67586921928, -85.83725967556335
1.898186344128679e27, 7.03017395220653e11, -3.3374213543979285e11, 7.989671101747716e9, 4927.146405269747, 11743.71500753496, -262.21974110970353
5.6833555159059975e26, 1.3323968712674478e12, -7.001869063242406e10, -2.6621850968358948e10, 752.4833925888563, 10137.783554460024, 391.14278963576123
8.681250912203955e25, -2.358463344788918e12, 1.8797166606816624e12, 3.1968851695835136e10, -4168.28257070375, -5006.81587043292, 53.36554777467389
1.0243398078156983e26, -4.2331118502e12, 1.4162159495445598e12, 1.0924411316295953e11, -1677.09083967152, -5216.811526651915, 100.67418378091111
1.305048179576907e22, 2.760294683963211e12, -5.856376033091171e12, -1.3415680640923496e12, 4075.0516527014206, 728.1087011121248, 689.4397228402905
4.4949994704141455e11, -1.833462623740015e11, 2.1292368992031353e10, -1.6577241249584309e10, 2768.302413590513, -28939.22964870836, -388.7165567343972
1.8806992996394243e9
11
1.9884744919942635e30, -2.215544119533553e10, 7.650767206151912e9, -4.5876515633125323e8, 0.15187043867312341, 2.7171268201758845, -0.03299843119268626
3.3011276110721486e23, -6.7979072422248924e10, 8.31838333518975e8, -5.922566293224092e9, 12688.840132718426, -56872.45374333099, -1506.9557509817694
4.86747010986423e24, 6.766843544271123e10, 6.687427085850689e10, 2.004043922825185e9, -19270.207605538704, 29409.906856325695, 1928.4516462245942
5.972362582659482e24, 5.5978780160252884e10, -1.1971827638804614e11, -4.6061654882197624e8, 25675.094397836474, 15167.614234063429, -1.1217859689114988
6.417116682290036e23, 1.2069259792615358e11, 1.586338478561773e11, -6.115840183848106e9, -18560.47651499924, 18701.211736597263, -481.2724566681233
1.898186344128679e27, 2.3647483660110483e11, 7.053806908637372e11, -1.605618517318867e10, -12894.213245733823, 4474.5833003237485, -112.44381151201844
5.6833555159059975e26, -1.5179591778126836e12, 1.3393708744498752e11, 3.0242723531959682e10, -627.3565453324744, -9124.157649380284, -354.1459132816285
8.681250912203955e25, -2.8265075402118677e12, -9.99363801141825e11, 3.67800302378905e10, 2382.283726997557, -6097.079087675823, -35.11800390780819
1.0243398078156983e26, -4.2880476508048228e12, -1.1332887852035518e12, 1.3602124323264711e11, 1460.0224600689621, -5312.629598037655, 9.589765847172464
1.305048179576907e22, 4.51696446931357e12, -5.241818660545918e12, -9.587259353333341e11, 3353.6994868932425, 1832.8959510417428, 918.7640507337516
4.4949994704141455e11, 1.588475148424947e11, 6.404261016235001e10, 1.894693175327656e10, -3079.2460505399763, 25290.003403753988, 269.9542537451658
2.3511738510042996e9
11
1.9884744919942635e30, -2.787707408226467e10, 1.0258672869151693e10, -5.649549038591679e8, -9.79315585532688, 13.669850671982774, -0.6208074140423111
3.3011276110721486e23, -6.721179974042758e10, 4.460948234055378e10, -3.1916529718187118e9, -26479.117754171955, -45328.33847343561, -5282.25708887064
4.86747010986423e24, -7.886427336841046e10, 1.0593672656228801e11, 5.57822772482996e9, -30911.718631787568, -16188.501453169372, -606.4355844564195
5.972362582659482e24, -3.2838927452223404e10, -1.3774549478130188e11, -5.633067176110903e8, 30043.819018744376, -1393.904374110833, -1.9786120659292845
6.417116682290036e23, 1.7266871510074457e11, 6.118486955359023e10, -3.3988257104260006e9, -6932.144605968842, 25547.58026338818, -768.9459784442805
1.898186344128679e27, -7.810163265094788e11, 1.4471284388150854e11, -4.212697514115039e9, -2949.9155392006764, -12942.447956293818, 290.57594112110473
5.6833555159059975e26, 1.3246873922999204e12, 5.917581815866397e10, -2.1676440528840767e10, -143.21870809710788, 10148.852026976485, 406.6114231862458
8.681250912203955e25, -4.464297487005834e11, -2.807046491225808e12, 3.7972366768221536e9, 6813.239308452311, -690.8529939961804, -92.29211935888492
1.0243398078156983e26, -2.930046999285891e12, -3.302156095278143e12, 1.1754408150838144e11, 4149.9358354451315, -3639.9460667514336, -86.00931058405429
1.305048179576907e22, 5.888488830415576e12, -4.1769161736743184e12, -4.931812888974858e11, 2453.6322189044677, 2648.8520918706918, 1044.6855156198758
4.4949994704141455e11, -1.6713084011397028e11, 1.3824426042549146e11, -1.16183196889263e10, -13489.74151260186, -21710.28624951836, -1843.371108494513
2.821386116718998e9
11
1.9884744919942635e30, -3.3564311929307648e10, 1.3005669880307697e10, -7.064719665479397e8, -24.26557164128316, 8.998028342729622, -0.18375434201600127
3.3011276110721486e23, -3.332365230008294e10, 7.52246797907094e10, 2.5104263483710175e9, -43334.21025586036, -8066.7611571388825, -5248.778691986907
4.86747010986423e24, -1.3801100952240155e11, -1.7787108744501686e10, -1.3610082221382139e9, 9889.24088634496, -33285.15548274068, -2051.5985371844567
5.972362582659482e24, -1.2637199379243787e11, -1.0124302984556001e11, -6.998540001288129e8, 23379.89672617814, -19183.668589359906, -1.1992621372482544
6.417116682290036e23, 1.6613674604044202e11, -5.766763627390813e10, 3.1859622606937224e8, 7103.074527468484, 24893.487927850205, -833.1207040634625
1.898186344128679e27, -1.940958892395319e11, -7.856834916717549e11, 1.7286467544855167e10, 12152.726270007863, -2645.888816883906, 69.37579779883694
5.6833555159059975e26, -1.5347946664722095e12, 3.726728154122914e10, 2.5759088281281677e10, 28.5402414303763, -9150.019848706092, -366.40414312481244
8.681250912203955e25, 2.325192127797216e12, -1.3870511943860112e12, -3.3013652281121906e10, 3551.8362615705464, 6163.750164763826, -45.40458750827032
1.0243398078156983e26, -6.046298750385295e11, -4.364717054278192e12, 5.966122730969116e10, 5455.046732921309, -752.6463562738121, -153.06451304042565
1.305048179576907e22, 6.807533810440865e12, -2.790839029520194e12, 1.0314278360093166e10, 1440.0096215938047, 3205.4815443812513, 1083.323358275544
4.4949994704141455e11, 1.2928295125969211e11, -3.421161075251989e10, 1.4615593879752098e10, 12733.194634105661, 25468.688608229688, 1848.050088619957
