0.0
2
1.4983331568047152e10, 0.0, 0.0, 0.0, 0.0, 0.0, 0.0
0.0, 1.1, 0.0, 0.0, 0.0, 0.9045340337332909, 0.0
0.15625
2
1.4983331568047152e10, 0.0, 0.0, 0.0, 0.0, 0.0, 0.0
0.0, 1.0899223478518814, 0.14090141121432337, 0.0, -0.1288555486087994, 0.8962395443802423, 0.0
0.3125
2
1.4983331568047152e10, 0.0, 0.0, 0.0, 0.0, 0.0, 0.0
0.0, 1.0598194621501646, 0.2792116288686858, 0.0, -0.2560427643321809, 0.8713722975679548, 0.0
0.46875
2
1.4983331568047152e10, 0.0, 0.0, 0.0, 0.0, 0.0, 0.0
0.0, 1.0100847600937852, 0.41234484508839075, 0.0, -0.37985237873907135, 0.8299870464120128, 0.0
0.625
2
1.4983331568047152e10, 0.0, 0.0, 0.0, 0.0, 0.0, 0.0
0.0, 0.9413845349115176, 0.5377279443916796, 0.0, -0.4984943761139935, 0.7721956901234143, 0.0
0.78125
2
1.4983331568047152e10, 0.0, 0.0, 0.0, 0.0, 0.0, 0.0
0.0, 0.8546735231855114, 0.6528117585911807, 0.0, -0.610060832445701, 0.6981994123913635, 0.0
0.9375
2
1.4983331568047152e10, 0.0, 0.0, 0.0, 0.0, 0.0, 0.0
0.0, 0.751215924954636, 0.7550884962876625, 0.0, -0.7124937694254543, 0.6083358620592195, 0.0
1.09375
2
1.4983331568047152e10, 0.0, 0.0, 0.0, 0.0, 0.0, 0.0
0.0, 0.6326108256531616, 0.8421178339427392, 0.0, -0.8035617083722816, 0.503143129566715, 0.0
1.25
2
1.4983331568047152e10, 0.0, 0.0, 0.0, 0.0, 0.0, 0.0
0.0, 0.5008202563286805, 0.9115644158032905, 0.0, -0.880850446758929, 0.38344198367347987, 0.0
1.40625
2
1.4983331568047152e10, 0.0, 0.0, 0.0, 0.0, 0.0, 0.0
0.0, 0.3581970904926792, 0.9612496611873587, 0.0, -0.9417758890830478, 0.2504366534191434, 0.0
1.5625
2
1.4983331568047152e10, 0.0, 0.0, 0.0, 0.0, 0.0, 0.0
0.0, 0.20750855379275823, 0.9892206431031547, 0.0, -0.9836293076149244, 0.10583186845176813, 0.0
1.71875
2
1.4983331568047152e10, 0.0, 0.0, 0.0, 0.0, 0.0, 0.0
0.0, 0.05194932020722001, 0.9938381191803207, 0.0, -1.0036675938193895, -0.048040673358276303, 0.0
1.875
2
1.4983331568047152e10, 0.0, 0.0, 0.0, 0.0, 0.0, 0.0
0.0, -0.10486387706951347, 0.9738842164617363, 0.0, -0.9992617396739237, -0.20810022150611143, 0.0
2.03125
2
1.4983331568047152e10, 0.0, 0.0, 0.0, 0.0, 0.0, 0.0
0.0, -0.25892611039529256, 0.9286874103859254, 0.0, -0.968114120191291, -0.3704224186618521, 0.0
2.1875
2
1.4983331568047152e10, 0.0, 0.0, 0.0, 0.0, 0.0, 0.0
0.0, -0.40591767474192214, 0.8582580080391876, 0.0, -0.9085467485807247, -0.5302058047576461, 0.0
2.34375
2
1.4983331568047152e10, 0.0, 0.0, 0.0, 0.0, 0.0, 0.0
0.0, -0.5413273118521956, 0.7634214145575257, 0.0, -0.8198463855680522, -0.6818409735305785, 0.0
2.5
2
1.4983331568047152e10, 0.0, 0.0, 0.0, 0.0, 0.0, 0.0
0.0, -0.6606314761903243, 0.6459298133593099, 0.0, -0.702627988293865, -0.8191239465616951, 0.0
2.65625
2
1.4983331568047152e10, 0.0, 0.0, 0.0, 0.0, 0.0, 0.0
0.0, -0.7595276460863719, 0.508527344718503, 0.0, -0.5591496697306982, -0.9356401085342866, 0.0
2.8125
2
1.4983331568047152e10, 0.0, 0.0, 0.0, 0.0, 0.0, 0.0
0.0, -0.8342073602431326, 0.3549422360804023, 0.0, -0.3934905361626333, -1.0253098390084068, 0.0
2.96875
2
1.4983331568047152e10, 0.0, 0.0, 0.0, 0.0, 0.0, 0.0
0.0, -0.8816404188910003, 0.1897846332912126, 0.0, -0.2115026723177418, -1.0830350409703684, 0.0
3.125
2
1.4983331568047152e10, 0.0, 0.0, 0.0, 0.0, 0.0, 0.0
0.0, -0.8998300243844356, 0.018342655156857506, 0.0, -0.020482982472835976, -1.10533287931144, 0.0
3.28125
2
1.4983331568047152e10, 0.0, 0.0, 0.0, 0.0, 0.0, 0.0
0.0, -0.8879951388472065, -0.15371033993360483, 0.0, 0.17142106584200575, -1.0908147934118102, 0.0
3.4375
2
1.4983331568047152e10, 0.0, 0.0, 0.0, 0.0, 0.0, 0.0
0.0, -0.8466449110353497, -0.3206628852377376, 0.0, 0.35597674241259153, -1.040387633722552, 0.0
3.59375
2
1.4983331568047152e10, 0.0, 0.0, 0.0, 0.0, 0.0, 0.0
0.0, -0.7775299602523866, -0.4771180706590707, 0.0, 0.5256490601937008, -0.9571216525696188, 0.0
3.75
2
1.4983331568047152e10, 0.0, 0.0, 0.0, 0.0, 0.0, 0.0
0.0, -0.6834805297003211, -0.6183013520762568, 0.0, 0.6742418725246866, -0.8458218495860323, 0.0
3.90625
2
1.4983331568047152e10, 0.0, 0.0, 0.0, 0.0, 0.0, 0.0
0.0, -0.5681632417120609, -0.7402852006064374, 0.0, 0.7972864839573897, -0.7124150493226638, 0.0
4.0625
2
1.4983331568047152e10, 0.0, 0.0, 0.0, 0.0, 0.0, 0.0
0.0, -0.4357994265152186, -0.8401128795683874, 0.0, 0.8921464966676506, -0.563295068165365, 0.0
4.21875
2
1.4983331568047152e10, 0.0, 0.0, 0.0, 0.0, 0.0, 0.0
0.0, -0.2908868553741261, -0.9158249014135746, 0.0, 0.9578811081950436, -0.404748642427841, 0.0
4.375
2
1.4983331568047152e10, 0.0, 0.0, 0.0, 0.0, 0.0, 0.0
0.0, -0.13795631879464884, -0.9664071998388891, 0.0, 0.9949514226862126, -0.2425348428724778, 0.0
4.53125
2
1.4983331568047152e10, 0.0, 0.0, 0.0, 0.0, 0.0, 0.0
0.0, 0.01861964671329009, -0.991687106297684, 0.0, 1.0048607828120095, -0.08163680296827558, 0.0
4.6875
2
1.4983331568047152e10, 0.0, 0.0, 0.0, 0.0, 0.0, 0.0
0.0, 0.17476157434557832, -0.9922028277779688, 0.0, 0.9898015968371745, 0.07383482962008325, 0.0
4.84375
2
1.4983331568047152e10, 0.0, 0.0, 0.0, 0.0, 0.0, 0.0
0.0, 0.32676628367271077, -0.9690671478169353, 0.0, 0.9523531146548475, 0.22062655233676076, 0.0
5.0
2
1.4983331568047152e10, 0.0, 0.0, 0.0, 0.0, 0.0, 0.0
0.0, 0.47134820990038306, -0.9238394683229834, 0.0, 0.8952488323970724, 0.35625727828591996, 0.0
5.15625
2
1.4983331568047152e10, 0.0, 0.0, 0.0, 0.0, 0.0, 0.0
0.0, 0.6056499498525191, -0.8584141293876458, 0.0, 0.821214102310309, 0.4788998126846267, 0.0
5.3125
2
1.4983331568047152e10, 0.0, 0.0, 0.0, 0.0, 0.0, 0.0
0.0, 0.7272323463474802, -0.7749281712016586, 0.0, 0.7328645965405207, 0.5872538772720018, 0.0
5.46875
2
1.4983331568047152e10, 0.0, 0.0, 0.0, 0.0, 0.0, 0.0
0.0, 0.8340526190803332, -0.6756885245006509, 0.0, 0.6326525972999125, 0.6804262991846595, 0.0
5.625
2
1.4983331568047152e10, 0.0, 0.0, 0.0, 0.0, 0.0, 0.0
0.0, 0.924436990684456, -0.5631167960002117, 0.0, 0.5228482310805469, 0.7578264646891972, 0.0
5.78125
2
1.4983331568047152e10, 0.0, 0.0, 0.0, 0.0, 0.0, 0.0
0.0, 0.9970523848335314, -0.4397089734372817, 0.0, 0.40554474815574815, 0.8190801053869134, 0.0
5.9375
2
1.4983331568047152e10, 0.0, 0.0, 0.0, 0.0, 0.0, 0.0
0.0, 1.0508802667638797, -0.3080071488823767, 0.0, 0.28267948161432166, 0.8639615425313417, 0.0
6.09375
2
1.4983331568047152e10, 0.0, 0.0, 0.0, 0.0, 0.0, 0.0
0.0, 1.0851945805389656, -0.17058046700401872, 0.0, 0.1560645080785678, 0.8923430859723062, 0.0
6.25
2
1.4983331568047152e10, 0.0, 0.0, 0.0, 0.0, 0.0, 0.0
0.0, 1.0995449619751643, -0.030012753159241394, 0.0, 0.02742297835538639, 0.9041598414669292, 0.0
6.40625
2
1.4983331568047152e10, 0.0, 0.0, 0.0, 0.0, 0.0, 0.0
0.0, 1.0937458945395655, 0.11110545683577362, 0.0, -0.1015714846456733, 0.899388328026133, 0.0
6.5625
2
1.4983331568047152e10, 0.0, 0.0, 0.0, 0.0, 0.0, 0.0
0.0, 1.067872148074271, 0.2501825476912276, 0.0, -0.22925398763279659, 0.8780377805754083, 0.0
6.71875
2
1.4983331568047152e10, 0.0, 0.0, 0.0, 0.0, 0.0, 0.0
0.0, 1.0222606236546259, 0.38463105129820024, 0.0, -0.3539273433754503, 0.8401536471151722, 0.0
6.875
2
1.4983331568047152e10, 0.0, 0.0, 0.0, 0.0, 0.0, 0.0
0.0, 0.9575185560602387, 0.5118743810128656, 0.0, -0.4738219124762601, 0.7858334800549122, 0.0
7.03125
2
1.4983331568047152e10, 0.0, 0.0, 0.0, 0.0, 0.0, 0.0
0.0, 0.8745378355609019, 0.6293570697456138, 0.0, -0.587057716907713, 0.7152560897461246, 0.0
7.1875
2
1.4983331568047152e10, 0.0, 0.0, 0.0, 0.0, 0.0, 0.0
0.0, 0.7745149388663473, 0.7345606893769322, 0.0, -0.6916109730562954, 0.6287253856980051, 0.0
7.34375
2
1.4983331568047152e10, 0.0, 0.0, 0.0, 0.0, 0.0, 0.0
0.0, 0.6589755351518729, 0.8250278805004907, 0.0, -0.7852884059486054, 0.5267306429724778, 0.0
7.5
2
1.4983331568047152e10, 0.0, 0.0, 0.0, 0.0, 0.0, 0.0
0.0, 0.5298021796250254, 0.8983971890461336, 0.0, -0.8657144340753732, 0.4100247796435747, 0.0
7.65625
2
1.4983331568047152e10, 0.0, 0.0, 0.0, 0.0, 0.0, 0.0
0.0, 0.3892625441854419, 0.9524515928923126, 0.0, -0.9303385343950376, 0.2797212784146124, 0.0
7.8125
2
1.4983331568047152e10, 0.0, 0.0, 0.0, 0.0, 0.0, 0.0
0.0, 0.24003429679649685, 0.9851835466157624, 0.0, -0.9764726256606583, 0.13740815698866943, 0.0
7.96875
2
1.4983331568047152e10, 0.0, 0.0, 0.0, 0.0, 0.0, 0.0
0.0, 0.08522101384918901, 0.9948788325350045, 0.0, -1.0013706439616872, -0.014726686231343548, 0.0
8.125
2
1.4983331568047152e10, 0.0, 0.0, 0.0, 0.0, 0.0, 0.0
0.0, -0.07164850553238188, 0.9802201494589977, 0.0, -1.0023636127041382, -0.17377086624856458, 0.0
8.28125
2
1.4983331568047152e10, 0.0, 0.0, 0.0, 0.0, 0.0, 0.0
0.0, -0.22664714614148435, 0.9404088119213002, 0.0, -0.9770617393915371, -0.33598465199691485, 0.0
8.4375
2
1.4983331568047152e10, 0.0, 0.0, 0.0, 0.0, 0.0, 0.0
0.0, -0.37551356830515925, 0.8752988469602759, 0.0, -0.9236280963315266, -0.4967512196947124, 0.0
8.59375
2
1.4983331568047152e10, 0.0, 0.0, 0.0, 0.0, 0.0, 0.0
0.0, -0.5137641373709159, 0.7855321275570837, 0.0, -0.8411139462822236, -0.65062034777897, 0.0
8.75
2
1.4983331568047152e10, 0.0, 0.0, 0.0, 0.0, 0.0, 0.0
0.0, -0.6368601080189309, 0.6726565718295994, 0.0, -0.7298229369725976, -0.7914881571838434, 0.0
8.90625
2
1.4983331568047152e10, 0.0, 0.0, 0.0, 0.0, 0.0, 0.0
0.0, -0.7404301869183281, 0.539203449287581, 0.0, -0.5916432544731587, -0.9129440630434064, 0.0
9.0625
2
1.4983331568047152e10, 0.0, 0.0, 0.0, 0.0, 0.0, 0.0
0.0, -0.8205370419687713, 0.38869710769823496, 0.0, -0.43026246279343017, -1.0087852327396356, 0.0
9.21875
2
1.4983331568047152e10, 0.0, 0.0, 0.0, 0.0, 0.0, 0.0
0.0, -0.8739621887915169, 0.2255740490823221, 0.0, -0.2511737389437434, -1.073649592186002, 0.0
9.375
2
1.4983331568047152e10, 0.0, 0.0, 0.0, 0.0, 0.0, 0.0
0.0, -0.8984710092084416, 0.05500026945113984, 0.0, -0.06140874613000229, -1.1036637985869029, 0.0
9.53125
2
1.4983331568047152e10, 0.0, 0.0, 0.0, 0.0, 0.0, 0.0
0.0, -0.8930139908010035, -0.1174048215694947, 0.0, 0.1310054095045175, -1.0969668650159623, 0.0
9.6875
2
1.4983331568047152e10, 0.0, 0.0, 0.0, 0.0, 0.0, 0.0
0.0, -0.8578261579124482, -0.2859077447254252, 0.0, 0.3177866566869072, -1.053977837519304, 0.0
9.84375
2
1.4983331568047152e10, 0.0, 0.0, 0.0, 0.0, 0.0, 0.0
0.0, -0.7944045315454845, -0.44501682502699663, 0.0, 0.4911912564626613, -0.9773346222204873, 0.0
10.0
2
1.4983331568047152e10, 0.0, 0.0, 0.0, 0.0, 0.0, 0.0
0.0, -0.705368265436911, -0.5898033172684961, 0.0, 0.6446966381629008, -0.8715209369266553, 0.0
10.15625
2
1.4983331568047152e10, 0.0, 0.0, 0.0, 0.0, 0.0, 0.0
0.0, -0.5942292825474592, -0.7161459585512387, 0.0, 0.7734490783425071, -0.7422808167176488, 0.0
10.3125
2
1.4983331568047152e10, 0.0, 0.0, 0.0, 0.0, 0.0, 0.0
0.0, -0.465115055004217, -0.8208765364695416, 0.0, 0.8744274058986509, -0.5959611215260642, 0.0
10.46875
2
1.4983331568047152e10, 0.0, 0.0, 0.0, 0.0, 0.0, 0.0
0.0, -0.32248653815691986, -0.9018258240454295, 0.0, 0.9463513862706583, -0.4389123141444042, 0.0
10.625
2
1.4983331568047152e10, 0.0, 0.0, 0.0, 0.0, 0.0, 0.0
0.0, -0.17088541337726004, -0.9577863069880959, 0.0, 0.9894135000546663, -0.2770320150828653, 0.0
10.78125
2
1.4983331568047152e10, 0.0, 0.0, 0.0, 0.0, 0.0, 0.0
0.0, -0.01473098705503346, -0.9884169925151166, 0.0, 1.0049263567226479, -0.1154808273310021, 0.0
10.9375
2
1.4983331568047152e10, 0.0, 0.0, 0.0, 0.0, 0.0, 0.0
0.0, 0.14182645195082136, -0.9941165714019805, 0.0, 0.994963451958841, 0.041443461932156686, 0.0
11.09375
2
1.4983331568047152e10, 0.0, 0.0, 0.0, 0.0, 0.0, 0.0
0.0, 0.2949990992682354, -0.9758869380197756, 0.0, 0.9620437875544453, 0.19031064677260745, 0.0
11.25
2
1.4983331568047152e10, 0.0, 0.0, 0.0, 0.0, 0.0, 0.0
0.0, 0.44141093737090287, -0.9352026055576557, 0.0, 0.9088839587180794, 0.3284848141879437, 0.0
11.40625
2
1.4983331568047152e10, 0.0, 0.0, 0.0, 0.0, 0.0, 0.0
0.0, 0.5781139075415412, -0.87389516724127, 0.0, 0.838221410704835, 0.4540105215959521, 0.0
11.5625
2
1.4983331568047152e10, 0.0, 0.0, 0.0, 0.0, 0.0, 0.0
0.0, 0.7025815593174843, -0.7940568455480207, 0.0, 0.7527010166952752, 0.5654860091099069, 0.0
11.71875
2
1.4983331568047152e10, 0.0, 0.0, 0.0, 0.0, 0.0, 0.0
0.0, 0.812689112021867, -0.6979636655095783, 0.0, 0.6548123315216093, 0.661940973800152, 0.0
11.875
2
1.4983331568047152e10, 0.0, 0.0, 0.0, 0.0, 0.0, 0.0
0.0, 0.906686808809645, -0.5880167100135679, 0.0, 0.5468643976512649, 0.7427283899138538, 0.0
12.03125
2
1.4983331568047152e10, 0.0, 0.0, 0.0, 0.0, 0.0, 0.0
0.0, 0.9831715101532272, -0.4666988977783647, 0.0, 0.43098670405500333, 0.8074343182746774, 0.0
12.1875
2
1.4983331568047152e10, 0.0, 0.0, 0.0, 0.0, 0.0, 0.0
0.0, 1.0410598837465177, -0.3365443945780781, 0.0, 0.30914739023605986, 0.8558063090835764, 0.0
12.34375
2
1.4983331568047152e10, 0.0, 0.0, 0.0, 0.0, 0.0, 0.0
0.0, 1.0795653513676862, -0.2001178244144907, 0.0, 0.18318224169897818, 0.8876992996512307, 0.0
12.5
2
1.4983331568047152e10, 0.0, 0.0, 0.0, 0.0, 0.0, 0.0
0.0, 1.098180111496828, -0.06000067803515362, 0.0, 0.0548300746209238, 0.9030372941800642, 0.0
12.65625
2
1.4983331568047152e10, 0.0, 0.0, 0.0, 0.0, 0.0, 0.0
0.0, 1.0966629956327327, 0.08121741352588935, 0.0, -0.07422835365125814, 0.9017891614005666, 0.0
12.8125
2
1.4983331568047152e10, 0.0, 0.0, 0.0, 0.0, 0.0, 0.0
0.0, 1.0750335560776958, 0.22094464213173148, 0.0, -0.202329735146307, 0.8839573069382846, 0.0
12.96875
2
1.4983331568047152e10, 0.0, 0.0, 0.0, 0.0, 0.0, 0.0
0.0, 1.0335725485955205, 0.3565921760199356, 0.0, -0.3277871474756709, 0.8495785873379667, 0.0
13.125
2
1.4983331568047152e10, 0.0, 0.0, 0.0, 0.0, 0.0, 0.0
0.0, 0.9728287973099446, 0.48558041135176383, 0.0, -0.4488496110369641, 0.79873751803792, 0.0
13.28125
2
1.4983331568047152e10, 0.0, 0.0, 0.0, 0.0, 0.0, 0.0
0.0, 0.8936322484835807, 0.6053482914488849, 0.0, -0.5636635722798704, 0.7315925071971138, 0.0
13.4375
2
1.4983331568047152e10, 0.0, 0.0, 0.0, 0.0, 0.0, 0.0
0.0, 0.7971127710018427, 0.7133678256217832, 0.0, -0.6702382655625733, 0.6484164374351076, 0.0
13.59375
2
1.4983331568047152e10, 0.0, 0.0, 0.0, 0.0, 0.0, 0.0
0.0, 0.6847238759921468, 0.8071661794813096, 0.0, -0.7664180154116935, 0.5496532965271782, 0.0
13.75
2
1.4983331568047152e10, 0.0, 0.0, 0.0, 0.0, 0.0, 0.0
0.0, 0.5582699300628333, 0.8843579791402294, 0.0, -0.8498661581132718, 0.4359925286852667, 0.0
13.90625
2
1.4983331568047152e10, 0.0, 0.0, 0.0, 0.0, 0.0, 0.0
0.0, 0.41993454582575646, 0.9426906864234215, 0.0, -0.918067385079744, 0.3084620305228093, 0.0
14.0625
2
1.4983331568047152e10, 0.0, 0.0, 0.0, 0.0, 0.0, 0.0
0.0, 0.27230657878490294, 0.9801059158664213, 0.0, -0.9683578019021318, 0.1685388042194168, 0.0
14.21875
2
1.4983331568047152e10, 0.0, 0.0, 0.0, 0.0, 0.0, 0.0
0.0, 0.11839851171437377, 0.9948191522224438, 0.0, -0.9979944381294358, 0.018272644099624372, 0.0
14.375
2
1.4983331568047152e10, 0.0, 0.0, 0.0, 0.0, 0.0, 0.0
0.0, -0.03834996383634692, 0.9854191753796916, 0.0, -1.004277444734257, -0.13958767738501418, 0.0
14.53125
2
1.4983331568047152e10, 0.0, 0.0, 0.0, 0.0, 0.0, 0.0
0.0, -0.1940923964232889, 0.9509862280562493, 0.0, -0.9847372383518262, -0.30148466356326464, 0.0
14.6875
2
1.4983331568047152e10, 0.0, 0.0, 0.0, 0.0, 0.0, 0.0
0.0, -0.34463083195027, 0.8912242175798772, 0.0, -0.9373931909745334, -0.46298793832601515, 0.0
14.84375
2
1.4983331568047152e10, 0.0, 0.0, 0.0, 0.0, 0.0, 0.0
0.0, -0.4855167980413995, 0.8065969040457776, 0.0, -0.8610777155166262, -0.6188144508632285, 0.0
15.0
2
1.4983331568047152e10, 0.0, 0.0, 0.0, 0.0, 0.0, 0.0
0.0, -0.6122064285136477, 0.698451526321318, 0.0, -0.7557984479229781, -0.7629760609784294, 0.0
15.15625
2
1.4983331568047152e10, 0.0, 0.0, 0.0, 0.0, 0.0, 0.0
0.0, -0.72027177237945, 0.569107008980818, 0.0, -0.6230836824266204, -0.8890895926474057, 0.0
15.3125
2
1.4983331568047152e10, 0.0, 0.0, 0.0, 0.0, 0.0, 0.0
0.0, -0.805659618049727, 0.42188021347784704, 0.0, -0.46622997311415576, -0.990857935430484, 0.0
15.46875
2
1.4983331568047152e10, 0.0, 0.0, 0.0, 0.0, 0.0, 0.0
0.0, -0.8649753144048109, 0.2610257301425266, 0.0, -0.29035955933036856, -1.06268478906865, 0.0
15.625
2
1.4983331568047152e10, 0.0, 0.0, 0.0, 0.0, 0.0, 0.0
0.0, -0.8957556428846436, 0.09157486796243243, 0.0, -0.10221407873616899, -1.1003304217093322, 0.0
15.78125
2
1.4983331568047152e10, 0.0, 0.0, 0.0, 0.0, 0.0, 0.0
0.0, -0.8966871775966169, -0.08092239318073526, 0.0, 0.09033366906247423, -1.1014737726173696, 0.0
15.9375
2
1.4983331568047152e10, 0.0, 0.0, 0.0, 0.0, 0.0, 0.0
0.0, -0.8677297841466177, -0.2507268054751098, 0.0, 0.2789886717379947, -1.0660432590849587, 0.0
16.09375
2
1.4983331568047152e10, 0.0, 0.0, 0.0, 0.0, 0.0, 0.0
0.0, -0.810120471473672, -0.4122665694755566, 0.0, 0.4558297064340717, -0.9962272347045678, 0.0
16.25
2
1.4983331568047152e10, 0.0, 0.0, 0.0, 0.0, 0.0, 0.0
0.0, -0.7262568018218694, -0.5604698515921547, 0.0, 0.6140281476403759, -0.8961611941962679, 0.0
16.40625
2
1.4983331568047152e10, 0.0, 0.0, 0.0, 0.0, 0.0, 0.0
0.0, -0.6194833344088558, -0.6910282208995799, 0.0, 0.7483525105874255, -0.7713762395389119, 0.0
16.5625
2
1.4983331568047152e10, 0.0, 0.0, 0.0, 0.0, 0.0, 0.0
0.0, -0.4938208348843922, -0.800563998006544, 0.0, 0.8553924167476871, -0.628144937242618, 0.0
16.71875
2
1.4983331568047152e10, 0.0, 0.0, 0.0, 0.0, 0.0, 0.0
0.0, -0.3536819685889317, -0.8866964403853536, 0.0, 0.9335157553908422, -0.4728607879769023, 0.0
16.875
2
1.4983331568047152e10, 0.0, 0.0, 0.0, 0.0, 0.0, 0.0
0.0, -0.2036101237425986, -0.9480201949366552, 0.0, 0.9826301942080141, -0.31154720365986666, 0.0
17.03125
2
1.4983331568047152e10, 0.0, 0.0, 0.0, 0.0, 0.0, 0.0
0.0, -0.04806477591461382, -0.9840201431697304, 0.0, 1.0038412238985146, -0.14953672526447548, 0.0
17.1875
2
1.4983331568047152e10, 0.0, 0.0, 0.0, 0.0, 0.0, 0.0
0.0, 0.10873714584002774, -0.9949492475863637, 0.0, 0.9990891203104928, 0.008685775798331298, 0.0
17.34375
2
1.4983331568047152e10, 0.0, 0.0, 0.0, 0.0, 0.0, 0.0
0.0, 0.26292539626007666, -0.981692590750742, 0.0, 0.9708214451329634, 0.15950994751694347, 0.0
17.5
2
1.4983331568047152e10, 0.0, 0.0, 0.0, 0.0, 0.0, 0.0
0.0, 0.41103419581286876, -0.9456345716780493, 0.0, 0.9217299515476011, 0.3001398174784823, 0.0
17.65625
2
1.4983331568047152e10, 0.0, 0.0, 0.0, 0.0, 0.0, 0.0
0.0, 0.5500245114425397, -0.8885396847980291, 0.0, 0.854559109032358, 0.4284859141640136, 0.0
17.8125
2
1.4983331568047152e10, 0.0, 0.0, 0.0, 0.0, 0.0, 0.0
0.0, 0.677281675298568, -0.812451875440961, 0.0, 0.7719802096163569, 0.5430394497875187, 0.0
17.96875
2
1.4983331568047152e10, 0.0, 0.0, 0.0, 0.0, 0.0, 0.0
0.0, 0.790597686714716, -0.7196136226278096, 0.0, 0.6765189856207398, 0.6427480984021189, 0.0
18.125
2
1.4983331568047152e10, 0.0, 0.0, 0.0, 0.0, 0.0, 0.0
0.0, 0.8881455160729155, -0.6124035463605421, 0.0, 0.5705234707524717, 0.7269043524644947, 0.0
18.28125
2
1.4983331568047152e10, 0.0, 0.0, 0.0, 0.0, 0.0, 0.0
0.0, 0.9684507436466042, -0.49329012684855483, 0.0, 0.45616023686646107, 0.7950513768263986, 0.0
18.4375
2
1.4983331568047152e10, 0.0, 0.0, 0.0, 0.0, 0.0, 0.0
0.0, 1.0303641950552864, -0.364798675249195, 0.0, 0.3354295534339489, 0.8469075166214941, 0.0
18.59375
2
1.4983331568047152e10, 0.0, 0.0, 0.0, 0.0, 0.0, 0.0
0.0, 1.0730379562025467, -0.22948869023138802, 0.0, 0.21019252107877512, 0.8823086142025564, 0.0
18.75
2
1.4983331568047152e10, 0.0, 0.0, 0.0, 0.0, 0.0, 0.0
0.0, 1.0959062390567063, -0.08993894187313045, 0.0, 0.08220538292700844, 0.9011664850368498, 0.0
18.90625
2
1.4983331568047152e10, 0.0, 0.0, 0.0, 0.0, 0.0, 0.0
0.0, 1.0986719558804396, 0.05126210552786054, 0.0, -0.04684213309590252, 0.9034418389093329, 0.0
19.0625
2
1.4983331568047152e10, 0.0, 0.0, 0.0, 0.0, 0.0, 0.0
0.0, 1.0812994632392778, 0.19152267658370803, 0.0, -0.175286448306983, 0.8891302931825423, 0.0
19.21875
2
1.4983331568047152e10, 0.0, 0.0, 0.0, 0.0, 0.0, 0.0
0.0, 1.044013681905954, 0.32825285078094396, 0.0, -0.3014490763242447, 0.8582607060623424, 0.0
19.375
2
1.4983331568047152e10, 0.0, 0.0, 0.0, 0.0, 0.0, 0.0
0.0, 0.9873056157061516, 0.45887041977281146, 0.0, -0.42359595308197634, 0.8109057345310295, 0.0
19.53125
2
1.4983331568047152e10, 0.0, 0.0, 0.0, 0.0, 0.0, 0.0
0.0, 0.9119441178316299, 0.58080938363982, 0.0, -0.5398983762434799, 0.7472052088281081, 0.0
19.6875
2
1.4983331568047152e10, 0.0, 0.0, 0.0, 0.0, 0.0, 0.0
0.0, 0.8189935242892208, 0.6915331759949316, 0.0, -0.6483973321383052, 0.6674035328597204, 0.0
19.84375
2
1.4983331568047152e10, 0.0, 0.0, 0.0, 0.0, 0.0, 0.0
0.0, 0.7098364238667934, 0.788554934231013, 0.0, -0.7469739952342663, 0.5719027571117618, 0.0
20.0
2
1.4983331568047152e10, 0.0, 0.0, 0.0, 0.0, 0.0, 0.0
0.0, 0.5862002878832457, 0.8694674008651193, 0.0, -0.8333306918923381, 0.4613330495577955, 0.0
20.15625
2
1.4983331568047152e10, 0.0, 0.0, 0.0, 0.0, 0.0, 0.0
0.0, 0.4501858609540474, 0.9319852783276932, 0.0, -0.9049886412887449, 0.3366417276150549, 0.0
20.3125
2
1.4983331568047152e10, 0.0, 0.0, 0.0, 0.0, 0.0, 0.0
0.0, 0.30429404123197057, 0.9740029317402835, 0.0, -0.9593112225952045, 0.1992003938341066, 0.0
20.46875
2
1.4983331568047152e10, 0.0, 0.0, 0.0, 0.0, 0.0, 0.0
0.0, 0.1514464128314276, 0.9936700358651428, 0.0, -0.9935640246522257, 0.050926497556098876, 0.0
20.625
2
1.4983331568047152e10, 0.0, 0.0, 0.0, 0.0, 0.0, 0.0
0.0, -0.005007323266670087, 0.9894867980666809, 0.0, -1.005024740561977, -0.10558974603582331, 0.0
20.78125
2
1.4983331568047152e10, 0.0, 0.0, 0.0, 0.0, 0.0, 0.0
0.0, -0.1613038313945219, 0.9604183880529957, 0.0, -0.991155682927955, -0.26697003909761685, 0.0
20.9375
2
1.4983331568047152e10, 0.0, 0.0, 0.0, 0.0, 0.0, 0.0
0.0, -0.31331306607472803, 0.9060247960433698, 0.0, -0.9498472368480998, -0.42897120427443847, 0.0
21.09375
2
1.4983331568047152e10, 0.0, 0.0, 0.0, 0.0, 0.0, 0.0
0.0, -0.45662870496649466, 0.8265973290389214, 0.0, -0.8797294997647751, -0.5864838835482891, 0.0
21.25
2
1.4983331568047152e10, 0.0, 0.0, 0.0, 0.0, 0.0, 0.0
0.0, -0.586711322140887, 0.7232866235476919, 0.0, -0.7805299758365767, -0.7336496205260405, 0.0
21.40625
2
1.4983331568047152e10, 0.0, 0.0, 0.0, 0.0, 0.0, 0.0
0.0, -0.699088064833148, 0.5982005354069686, 0.0, -0.653428582742623, -0.8641344783956644, 0.0
21.5625
2
1.4983331568047152e10, 0.0, 0.0, 0.0, 0.0, 0.0, 0.0
0.0, -0.7896027763477078, 0.4544457795165028, 0.0, -0.5013337378836261, -0.9715751372273838, 0.0
21.71875
2
1.4983331568047152e10, 0.0, 0.0, 0.0, 0.0, 0.0, 0.0
0.0, -0.8546971093168396, 0.2960877602688289, 0.0, -0.32898751634707085, -1.0501711536118252, 0.0
21.875
2
1.4983331568047152e10, 0.0, 0.0, 0.0, 0.0, 0.0, 0.0
0.0, -0.891689245722444, 0.12801136575647573, 0.0, -0.14281928404761665, -1.0953422828282637, 0.0
22.03125
2
1.4983331568047152e10, 0.0, 0.0, 0.0, 0.0, 0.0, 0.0
0.0, -0.8990075102820024, -0.044317876185884966, 0.0, 0.04948494656638295, -1.1043226518139544, 0.0
22.1875
2
1.4983331568047152e10, 0.0, 0.0, 0.0, 0.0, 0.0, 0.0
0.0, -0.8763367865589416, -0.21517123204560293, 0.0, 0.23965374789008195, -1.07655053187344, 0.0
22.34375
2
1.4983331568047152e10, 0.0, 0.0, 0.0, 0.0, 0.0, 0.0
0.0, -0.8246487238015558, -0.37891194389103644, 0.0, 0.41962135161448394, -1.0137502921023804, 0.0
22.5
2
1.4983331568047152e10, 0.0, 0.0, 0.0, 0.0, 0.0, 0.0
0.0, -0.7461095106875978, -0.530337071673729, 0.0, 0.5822760784921834, -0.9196838099548441, 0.0
22.65625
2
1.4983331568047152e10, 0.0, 0.0, 0.0, 0.0, 0.0, 0.0
0.0, -0.643883965342542, -0.664958581444182, 0.0, 0.722018723093618, -0.7996392377580642, 0.0
22.8125
2
1.4983331568047152e10, 0.0, 0.0, 0.0, 0.0, 0.0, 0.0
0.0, -0.5218731879029599, -0.7791922599483625, 0.0, 0.8350474926632804, -0.6597865066584878, 0.0
22.96875
2
1.4983331568047152e10, 0.0, 0.0, 0.0, 0.0, 0.0, 0.0
0.0, -0.38442968831887925, -0.8704447863113063, 0.0, 0.9193672960548934, -0.5065398648193251, 0.0
23.125
2
1.4983331568047152e10, 0.0, 0.0, 0.0, 0.0, 0.0, 0.0
0.0, -0.23608884757085202, -0.9371090289729314, 0.0, 0.974585259754522, -0.3460340782781147, 0.0
23.28125
2
1.4983331568047152e10, 0.0, 0.0, 0.0, 0.0, 0.0, 0.0
0.0, -0.08134316241656976, -0.9784901489943235, 0.0, 1.0015831759073202, -0.18376668479404698, 0.0
23.4375
2
1.4983331568047152e10, 0.0, 0.0, 0.0, 0.0, 0.0, 0.0
0.0, 0.07552846407825166, -0.9946891866361478, 0.0, 1.0021532272968818, -0.02440858925581821, 0.0
23.59375
2
1.4983331568047152e10, 0.0, 0.0, 0.0, 0.0, 0.0, 0.0
0.0, 0.23057591182242462, -0.9864683852697654, 0.0, 0.9786596461357661, 0.12824685382735704, 0.0
23.75
2
1.4983331568047152e10, 0.0, 0.0, 0.0, 0.0, 0.0, 0.0
0.0, 0.3802446046154577, -0.9551166347563926, 0.0, 0.9337607316888795, 0.2712386390899215, 0.0
23.90625
2
1.4983331568047152e10, 0.0, 0.0, 0.0, 0.0, 0.0, 0.0
0.0, 0.5214043937650469, -0.9023267874491538, 0.0, 0.8702023444819394, 0.40233752138800705, 0.0
24.0625
2
1.4983331568047152e10, 0.0, 0.0, 0.0, 0.0, 0.0, 0.0
0.0, 0.6513515693764113, -0.8300908664005808, 0.0, 0.790678979249512, 0.5199220433331377, 0.0
24.21875
2
1.4983331568047152e10, 0.0, 0.0, 0.0, 0.0, 0.0, 0.0
0.0, 0.7677937326190251, -0.7406149992648953, 0.0, 0.6977511391939724, 0.6228528033147347, 0.0
24.375
2
1.4983331568047152e10, 0.0, 0.0, 0.0, 0.0, 0.0, 0.0
0.0, 0.8688252887569172, -0.6362532660463808, 0.0, 0.593805713535659, 0.710357561880197, 0.0
24.53125
2
1.4983331568047152e10, 0.0, 0.0, 0.0, 0.0, 0.0, 0.0
0.0, 0.9528992950619857, -0.5194582290016475, 0.0, 0.4810470656657079, 0.7819331861594377, 0.0
24.6875
2
1.4983331568047152e10, 0.0, 0.0, 0.0, 0.0, 0.0, 0.0
0.0, 1.018799647967764, -0.39274533290334784, 0.0, 0.3615088360082183, 0.8372662204894628, 0.0
24.84375
2
1.4983331568047152e10, 0.0, 0.0, 0.0, 0.0, 0.0, 0.0
0.0, 1.0656162313790334, -0.25866828687706045, 0.0, 0.23707899914331942, 0.8761715455243884, 0.0
25.0
2
1.4983331568047152e10, 0.0, 0.0, 0.0, 0.0, 0.0, 0.0
0.0, 1.0927246635212136, -0.1198027160537654, 0.0, 0.10953296173835372, 0.898547571474039, 0.0
25.15625
2
1.4983331568047152e10, 0.0, 0.0, 0.0, 0.0, 0.0, 0.0
0.0, 1.099771609389141, 0.02126436281753673, 0.0, -0.01942875223069745, 0.9043462210728846, 0.0
25.3125
2
1.4983331568047152e10, 0.0, 0.0, 0.0, 0.0, 0.0, 0.0
0.0, 1.0866661900198586, 0.16194143325499935, 0.0, -0.14814043763552717, 0.8935562485813893, 0.0
25.46875
2
1.4983331568047152e10, 0.0, 0.0, 0.0, 0.0, 0.0, 0.0
0.0, 1.0535777406522027, 0.29963774319268677, 0.0, -0.27493020530995715, 0.8661989879566575, 0.0
25.625
2
1.4983331568047152e10, 0.0, 0.0, 0.0, 0.0, 0.0, 0.0
0.0, 1.0009399768801819, 0.43176885549384364, 0.0, -0.3980791385549036, 0.8223362876792633, 0.0
25.78125
2
1.4983331568047152e10, 0.0, 0.0, 0.0, 0.0, 0.0, 0.0
0.0, 0.9294614567768079, 0.5557644151935928, 0.0, -0.5157817672897765, 0.762091081057372, 0.0
25.9375
2
1.4983331568047152e10, 0.0, 0.0, 0.0, 0.0, 0.0, 0.0
0.0, 0.8401420150516805, 0.6690801851934973, 0.0, -0.6261094838875736, 0.6856816808177146, 0.0
26.09375
2
1.4983331568047152e10, 0.0, 0.0, 0.0, 0.0, 0.0, 0.0
0.0, 0.7342945267654564, 0.7692166131871258, 0.0, -0.7269794315542023, 0.5934713743103049, 0.0
26.25
2
1.4983331568047152e10, 0.0, 0.0, 0.0, 0.0, 0.0, 0.0
0.0, 0.6135708601930508, 0.8537464580125704, 0.0, -0.8161327934084731, 0.4860350702425028, 0.0
26.40625
2
1.4983331568047152e10, 0.0, 0.0, 0.0, 0.0, 0.0, 0.0
0.0, 0.4799901217082528, 0.9203542558762853, 0.0, -0.891128325161226, 0.36424435172006386, 0.0
26.5625
2
1.4983331568047152e10, 0.0, 0.0, 0.0, 0.0, 0.0, 0.0
0.0, 0.33596620251145587, 0.9668905283723108, 0.0, -0.9493593403909757, 0.22937093645377737, 0.0
26.71875
2
1.4983331568047152e10, 0.0, 0.0, 0.0, 0.0, 0.0, 0.0
0.0, 0.1843301550899858, 0.9914434362004688, 0.0, -0.9881048964995219, 0.08320571374620138, 0.0
26.875
2
1.4983331568047152e10, 0.0, 0.0, 0.0, 0.0, 0.0, 0.0
0.0, 0.028341075005875547, 0.992429788647955, 0.0, -1.0046279774783426, -0.07181436026304536, 0.0
27.03125
2
1.4983331568047152e10, 0.0, 0.0, 0.0, 0.0, 0.0, 0.0
0.0, -0.1283228936196965, 0.9687055709191184, 0.0, -0.9963337793195131, -0.23248658777785713, 0.0
27.1875
2
1.4983331568047152e10, 0.0, 0.0, 0.0, 0.0, 0.0, 0.0
0.0, -0.28160365819723965, 0.9196930673236258, 0.0, -0.9609978333401019, -0.39475477244946944, 0.0
27.34375
2
1.4983331568047152e10, 0.0, 0.0, 0.0, 0.0, 0.0, 0.0
0.0, -0.4271434889296086, 0.8455169847702539, 0.0, -0.8970642305036199, -0.5536883847786981, 0.0
27.5
2
1.4983331568047152e10, 0.0, 0.0, 0.0, 0.0, 0.0, 0.0
0.0, -0.5604164269739812, 0.7471358692654482, 0.0, -0.8039966358504079, -0.7035709269556708, 0.0
27.65625
2
1.4983331568047152e10, 0.0, 0.0, 0.0, 0.0, 0.0, 0.0
0.0, -0.6769160697091758, 0.6264484818387085, 0.0, -0.6826393879120002, -0.8381379114050787, 0.0
27.8125
2
1.4983331568047152e10, 0.0, 0.0, 0.0, 0.0, 0.0, 0.0
0.0, -0.7723961177530992, 0.4863496449897262, 0.0, -0.535517818928268, -0.9509868185651416, 0.0
27.96875
2
1.4983331568047152e10, 0.0, 0.0, 0.0, 0.0, 0.0, 0.0
0.0, -0.8431472582532226, 0.3307093027608794, 0.0, -0.3669873703146525, -1.0361431895725037, 0.0
28.125
2
1.4983331568047152e10, 0.0, 0.0, 0.0, 0.0, 0.0, 0.0
0.0, -0.8862797689904514, 0.16425507223684735, 0.0, -0.18314555490122195, -1.0887136021424817, 0.0
28.28125
2
1.4983331568047152e10, 0.0, 0.0, 0.0, 0.0, 0.0, 0.0
0.0, -0.8999704389609668, -0.007646441023935092, 0.0, 0.008539131412879573, -1.1055053465266858, 0.0
28.4375
2
1.4983331568047152e10, 0.0, 0.0, 0.0, 0.0, 0.0, 0.0
0.0, -0.8836305556842465, -0.17929322980427026, 0.0, 0.19985514244255076, -1.0854703315529761, 0.0
28.59375
2
1.4983331568047152e10, 0.0, 0.0, 0.0, 0.0, 0.0, 0.0
0.0, -0.8379621778491065, -0.3449991739536095, 0.0, 0.382626479037081, -1.0298574691845335, 0.0
28.75
2
1.4983331568047152e10, 0.0, 0.0, 0.0, 0.0, 0.0, 0.0
0.0, -0.7648911436100863, -0.4994430218435215, 0.0, 0.5494839035139405, -0.9420314679018376, 0.0
28.90625
2
1.4983331568047152e10, 0.0, 0.0, 0.0, 0.0, 0.0, 0.0
0.0, -0.6673905324291317, -0.6379656915024585, 0.0, 0.6944733410408271, -0.8270079320245759, 0.0
29.0625
2
1.4983331568047152e10, 0.0, 0.0, 0.0, 0.0, 0.0, 0.0
0.0, -0.5492287858151157, -0.7567803234267185, 0.0, 0.8134017629106997, -0.6908250101019533, 0.0
29.21875
2
1.4983331568047152e10, 0.0, 0.0, 0.0, 0.0, 0.0, 0.0
0.0, -0.414686049410433, -0.8530807208255783, 0.0, 0.9039015312130018, -0.5398938850766565, 0.0
29.375
2
1.4983331568047152e10, 0.0, 0.0, 0.0, 0.0, 0.0, 0.0
0.0, -0.26827947093481946, -0.9250545412840322, 0.0, 0.9652641366664657, -0.38044454122811217, 0.0
29.53125
2
1.4983331568047152e10, 0.0, 0.0, 0.0, 0.0, 0.0, 0.0
0.0, -0.11452686848707462, -0.9718218854637859, 0.0, 0.998131014345254, -0.21813108656852784, 0.0
29.6875
2
1.4983331568047152e10, 0.0, 0.0, 0.0, 0.0, 0.0, 0.0
0.0, 0.04223604924610095, -0.9933257300644907, 0.0, 1.0041308711827328, -0.05780832172740509, 0.0
29.84375
2
1.4983331568047152e10, 0.0, 0.0, 0.0, 0.0, 0.0, 0.0
0.0, 0.19798225937730968, -0.9901993679330172, 0.0, 0.9855320349338865, 0.09654520774178713, 0.0
30.0
2
1.4983331568047152e10, 0.0, 0.0, 0.0, 0.0, 0.0, 0.0
0.0, 0.34906965150451863, -0.9636306248864029, 0.0, 0.9449500535897106, 0.24179881049915458, 0.0
30.15625
2
1.4983331568047152e10, 0.0, 0.0, 0.0, 0.0, 0.0, 0.0
0.0, 0.4922770166668866, -0.9152359784159478, 0.0, 0.8851259550501134, 0.37557779862877844, 0.0
30.3125
2
1.4983331568047152e10, 0.0, 0.0, 0.0, 0.0, 0.0, 0.0
0.0, 0.6248108925809226, -0.8469516956497154, 0.0, 0.8087737588556763, 0.49614232949899756, 0.0
30.46875
2
1.4983331568047152e10, 0.0, 0.0, 0.0, 0.0, 0.0, 0.0
0.0, 0.7442933562586875, -0.7609445773178379, 0.0, 0.7184869965667645, 0.6022607227395059, 0.0
30.625
2
1.4983331568047152e10, 0.0, 0.0, 0.0, 0.0, 0.0, 0.0
0.0, 0.8487389637689565, -0.659541942301859, 0.0, 0.6166910469634256, 0.6930915783045708, 0.0
30.78125
2
1.4983331568047152e10, 0.0, 0.0, 0.0, 0.0, 0.0, 0.0
0.0, 0.936526985501953, -0.5451788396128943, 0.0, 0.5056286240810198, 0.768081885196847, 0.0
30.9375
2
1.4983331568047152e10, 0.0, 0.0, 0.0, 0.0, 0.0, 0.0
0.0, 1.0063732619109236, -0.42035974699679607, 0.0, 0.38736788812373874, 0.8268836259223977, 0.0
31.09375
2
1.4983331568047152e10, 0.0, 0.0, 0.0, 0.0, 0.0, 0.0
0.0, 1.057304557917443, -0.287631855431733, 0.0, 0.26382519282947625, 0.8692887047558108, 0.0
31.25
2
1.4983331568047152e10, 0.0, 0.0, 0.0, 0.0, 0.0, 0.0
0.0, 1.088637233610606, -0.14956717826833438, 0.0, 0.13679681607911715, 0.8951807779643026, 0.0
31.40625
2
1.4983331568047152e10, 0.0, 0.0, 0.0, 0.0, 0.0, 0.0
0.0, 1.09996131831801, -0.008750981046858732, 0.0, 0.007995890124721988, 0.9045022320871429, 0.0
31.5625
2
1.4983331568047152e10, 0.0, 0.0, 0.0, 0.0, 0.0, 0.0
0.0, 1.0911305962058127, 0.13222570922256535, 0.0, -0.12090790009084695, 0.8972347673703673, 0.0
31.71875
2
1.4983331568047152e10, 0.0, 0.0, 0.0, 0.0, 0.0, 0.0
0.0, 1.0622590052819147, 0.27077155234497297, 0.0, -0.24824741622679147, 0.8733925498109515, 0.0
31.875
2
1.4983331568047152e10, 0.0, 0.0, 0.0, 0.0, 0.0, 0.0
0.0, 1.0137234459485838, 0.4043002253666681, 0.0, -0.3723171003412698, 0.833027543296603, 0.0
32.03125
2
1.4983331568047152e10, 0.0, 0.0, 0.0, 0.0, 0.0, 0.0
0.0, 0.9461729247043855, 0.5302375530185027, 0.0, -0.4913330554615339, 0.776247325367901, 0.0
32.1875
2
1.4983331568047152e10, 0.0, 0.0, 0.0, 0.0, 0.0, 0.0
0.0, 0.8605437606703624, 0.6460324558599376, 0.0, -0.603395662708586, 0.7032463481750092, 0.0
32.34375
2
1.4983331568047152e10, 0.0, 0.0, 0.0, 0.0, 0.0, 0.0
0.0, 0.7580802925410565, 0.7491739279494964, 0.0, -0.7064570338766413, 0.6143521369433129, 0.0
32.5
2
1.4983331568047152e10, 0.0, 0.0, 0.0, 0.0, 0.0, 0.0
0.0, 0.6403600702035281, 0.8372165140629579, 0.0, -0.7982968876842076, 0.510088177019264, 0.0
32.65625
2
1.4983331568047152e10, 0.0, 0.0, 0.0, 0.0, 0.0, 0.0
0.0, 0.5093218202878631, 0.9078170193581186, 0.0, -0.8765122437038457, 0.3912549933033834, 0.0
32.8125
2
1.4983331568047152e10, 0.0, 0.0, 0.0, 0.0, 0.0, 0.0
0.0, 0.3672934590505475, 0.9587853467024213, 0.0, -0.9385286120451354, 0.25902981474786363, 0.0
32.96875
2
1.4983331568047152e10, 0.0, 0.0, 0.0, 0.0, 0.0, 0.0
0.0, 0.21701602844151657, 0.9881522467292515, 0.0, -0.9816428986977, 0.11508274765678009, 0.0
33.125
2
1.4983331568047152e10, 0.0, 0.0, 0.0, 0.0, 0.0, 0.0
0.0, 0.061657650110868455, 0.9942561260016077, 0.0, -1.0031104805924274, -0.038297024306067115, 0.0
33.28125
2
1.4983331568047152e10, 0.0, 0.0, 0.0, 0.0, 0.0, 0.0
0.0, -0.0951904461682525, 0.975849546016615, 0.0, -1.0002897223570117, -0.1980783178357646, 0.0
33.4375
2
1.4983331568047152e10, 0.0, 0.0, 0.0, 0.0, 0.0, 0.0
0.0, -0.24954570618018562, 0.9322232743269178, 0.0, -0.9708548119458378, -0.3603908216770131, 0.0
33.59375
2
1.4983331568047152e10, 0.0, 0.0, 0.0, 0.0, 0.0, 0.0
0.0, -0.39710489907965524, 0.8633414193271313, 0.0, -0.9130798189587402, -0.5204866677682302, 0.0
33.75
2
1.4983331568047152e10, 0.0, 0.0, 0.0, 0.0, 0.0, 0.0
0.0, -0.5333640146268263, 0.7699753285386213, 0.0, -0.8261811159753033, -0.6728019610350428, 0.0
33.90625
2
1.4983331568047152e10, 0.0, 0.0, 0.0, 0.0, 0.0, 0.0
0.0, -0.6537940090244597, 0.6538172852001078, 0.0, -0.7106813455783033, -0.811160204129773, 0.0
34.0625
2
1.4983331568047152e10, 0.0, 0.0, 0.0, 0.0, 0.0, 0.0
0.0, -0.754071041273869, 0.5175493499904024, 0.0, -0.5687298078362053, -0.9291454622057167, 0.0
34.21875
2
1.4983331568047152e10, 0.0, 0.0, 0.0, 0.0, 0.0, 0.0
0.0, -0.8303477337726123, 0.36484072893955377, 0.0, -0.40429152104381927, -1.020639160875213, 0.0
34.375
2
1.4983331568047152e10, 0.0, 0.0, 0.0, 0.0, 0.0, 0.0
0.0, -0.8795377596875954, 0.20025184513584382, 0.0, -0.22311531659809983, -1.0804631892647385, 0.0
34.53125
2
1.4983331568047152e10, 0.0, 0.0, 0.0, 0.0, 0.0, 0.0
0.0, -0.8995740730661108, 0.029036550108181833, 0.0, -0.032423453692472404, -1.1050184648050383, 0.0
34.6875
2
1.4983331568047152e10, 0.0, 0.0, 0.0, 0.0, 0.0, 0.0
0.0, -0.8895969472423187, -0.14314590752812906, 0.0, 0.15966811959817187, -1.0927775682496428, 0.0
34.84375
2
1.4983331568047152e10, 0.0, 0.0, 0.0, 0.0, 0.0, 0.0
0.0, -0.8500357766968497, -0.3105759711899535, 0.0, 0.34490854677601035, -1.0445055898829707, 0.0
35.0
2
1.4983331568047152e10, 0.0, 0.0, 0.0, 0.0, 0.0, 0.0
0.0, -0.7825679571851873, -0.46782761964212966, 0.0, 0.515698845852674, -0.9631486413766571, 0.0
35.15625
2
1.4983331568047152e10, 0.0, 0.0, 0.0, 0.0, 0.0, 0.0
0.0, -0.6899633051175207, -0.6100802490425207, 0.0, 0.6657457365935378, -0.8534208998791482, 0.0
35.3125
2
1.4983331568047152e10, 0.0, 0.0, 0.0, 0.0, 0.0, 0.0
0.0, -0.5758446576897848, -0.7333492188199372, 0.0, 0.790467656288734, -0.7211990023956688, 0.0
35.46875
2
1.4983331568047152e10, 0.0, 0.0, 0.0, 0.0, 0.0, 0.0
0.0, -0.44440729808126916, -0.8346159727845611, 0.0, 0.8871165877985274, -0.5728658361332651, 0.0
35.625
2
1.4983331568047152e10, 0.0, 0.0, 0.0, 0.0, 0.0, 0.0
0.0, -0.3001394268223978, -0.9118600889826591, 0.0, 0.9546541071915209, -0.41472876724274543, 0.0
35.78125
2
1.4983331568047152e10, 0.0, 0.0, 0.0, 0.0, 0.0, 0.0
0.0, -0.14757593113373493, -0.9640115729512558, 0.0, 0.9934646838243046, -0.25258849461740635, 0.0
35.9375
2
1.4983331568047152e10, 0.0, 0.0, 0.0, 0.0, 0.0, 0.0
0.0, 0.008896361085049152, -0.9908492867397626, 0.0, 1.004997724520717, -0.0914803990549812, 0.0
36.09375
2
1.4983331568047152e10, 0.0, 0.0, 0.0, 0.0, 0.0, 0.0
0.0, 0.16517692460725408, -0.9928714009592777, 0.0, 0.9914124117015616, 0.06443034723244521, 0.0
36.25
2
1.4983331568047152e10, 0.0, 0.0, 0.0, 0.0, 0.0, 0.0
0.0, 0.31753769735778037, -0.9711589742925949, 0.0, 0.9552715487740101, 0.21183909993884112, 0.0
36.40625
2
1.4983331568047152e10, 0.0, 0.0, 0.0, 0.0, 0.0, 0.0
0.0, 0.4626666821511469, -0.9272471902948056, 0.0, 0.8993044921628591, 0.34822017822193585, 0.0
36.5625
2
1.4983331568047152e10, 0.0, 0.0, 0.0, 0.0, 0.0, 0.0
0.0, 0.597680084070743, -0.8630125359546523, 0.0, 0.8262406185583853, 0.4717095894159049, 0.0
36.71875
2
1.4983331568047152e10, 0.0, 0.0, 0.0, 0.0, 0.0, 0.0
0.0, 0.7201133937262402, -0.7805793345096406, 0.0, 0.7387043840483545, 0.5809780322569882, 0.0
36.875
2
1.4983331568047152e10, 0.0, 0.0, 0.0, 0.0, 0.0, 0.0
0.0, 0.8279000501566398, -0.6822457727010887, 0.0, 0.6391590404036959, 0.675110341882526, 0.0
37.03125
2
1.4983331568047152e10, 0.0, 0.0, 0.0, 0.0, 0.0, 0.0
0.0, 0.9193442571225009, -0.5704276691972479, 0.0, 0.5298860467985947, 0.7534998685946621, 0.0
37.1875
2
1.4983331568047152e10, 0.0, 0.0, 0.0, 0.0, 0.0, 0.0
0.0, 0.9930926358487869, -0.44761733965773304, 0.0, 0.4129891294453884, 0.8157611033064368, 0.0
37.34375
2
1.4983331568047152e10, 0.0, 0.0, 0.0, 0.0, 0.0, 0.0
0.0, 1.0481078663211296, -0.3163546589449448, 0.0, 0.2904144659487945, 0.8616608075932352, 0.0
37.5
2
1.4983331568047152e10, 0.0, 0.0, 0.0, 0.0, 0.0, 0.0
0.0, 1.0836463299670738, -0.17920751480422076, 0.0, 0.16398087981571566, 0.8910663998951674, 0.0
37.65625
2
1.4983331568047152e10, 0.0, 0.0, 0.0, 0.0, 0.0, 0.0
0.0, 1.099240972165119, -0.038759091012196385, 0.0, 0.035415907761719316, 0.9039098584909089, 0.0
37.8125
2
1.4983331568047152e10, 0.0, 0.0, 0.0, 0.0, 0.0, 0.0
0.0, 1.094690077430677, 0.10240031372652299, 0.0, -0.09360493655780239, 0.9001655221247177, 0.0
37.96875
2
1.4983331568047152e10, 0.0, 0.0, 0.0, 0.0, 0.0, 0.0
0.0, 1.070052313474489, 0.24167900462930791, 0.0, -0.22141741386418376, 0.8798406282491, 0.0
38.125
2
1.4983331568047152e10, 0.0, 0.0, 0.0, 0.0, 0.0, 0.0
0.0, 1.02564817889553, 0.37648908729822594, 0.0, -0.34632751908654336, 0.8429780562838662, 0.0
38.28125
2
1.4983331568047152e10, 0.0, 0.0, 0.0, 0.0, 0.0, 0.0
0.0, 0.9620678165048031, 0.5042530520311439, 0.0, -0.46657123401064876, 0.789671432644771, 0.0
38.4375
2
1.4983331568047152e10, 0.0, 0.0, 0.0, 0.0, 0.0, 0.0
0.0, 0.8801849674341751, 0.6224137339436427, 0.0, -0.5802764476629249, 0.7200934263173022, 0.0
38.59375
2
1.4983331568047152e10, 0.0, 0.0, 0.0, 0.0, 0.0, 0.0
0.0, 0.781176576371907, 0.7284498127649056, 0.0, -0.6854291330607561, 0.634538631330167, 0.0
38.75
2
1.4983331568047152e10, 0.0, 0.0, 0.0, 0.0, 0.0, 0.0
0.0, 0.6665471459294006, 0.8198992645280891, 0.0, -0.7798470521493117, 0.5334827649829232, 0.0
38.90625
2
1.4983331568047152e10, 0.0, 0.0, 0.0, 0.0, 0.0, 0.0
0.0, 0.5381563012625519, 0.8943934462122907, 0.0, -0.8611659562419677, 0.41765979621251725, 0.0
39.0625
2
1.4983331568047152e10, 0.0, 0.0, 0.0, 0.0, 0.0, 0.0
0.0, 0.3982470845136948, 0.9497046898670571, 0.0, -0.9268454419602538, 0.28815772771304293, 0.0
39.21875
2
1.4983331568047152e10, 0.0, 0.0, 0.0, 0.0, 0.0, 0.0
0.0, 0.24947118513981398, 0.9838102488912291, 0.0, -0.9742041424905071, 0.1465316220496518, 0.0
39.375
2
1.4983331568047152e10, 0.0, 0.0, 0.0, 0.0, 0.0, 0.0
0.0, 0.09490560763699547, 0.9949749379737599, 0.0, -1.0004963048412727, -0.005071484585363587, 0.0
39.53125
2
1.4983331568047152e10, 0.0, 0.0, 0.0, 0.0, 0.0, 0.0
0.0, -0.06194672566508502, 0.981853513045548, 0.0, -1.0030430486267095, -0.16378742310305927, 0.0
39.6875
2
1.4983331568047152e10, 0.0, 0.0, 0.0, 0.0, 0.0, 0.0
0.0, -0.21718194685600942, 0.9436113643474384, 0.0, -0.9794300737425213, -0.32592988216471125, 0.0
39.84375
2
1.4983331568047152e10, 0.0, 0.0, 0.0, 0.0, 0.0, 0.0
0.0, -0.36655670655383676, 0.8800581101249456, 0.0, -0.9277770040524174, -0.4869362728771941, 0.0
40.0
2
1.4983331568047152e10, 0.0, 0.0, 0.0, 0.0, 0.0, 0.0
0.0, -0.5055968733626482, 0.7917831183153969, 0.0, -0.8470695736410939, -0.6414043689758063, 0.0
40.15625
2
1.4983331568047152e10, 0.0, 0.0, 0.0, 0.0, 0.0, 0.0
0.0, -0.6297611949168052, 0.6802753985848669, 0.0, -0.7375235061855234, -0.7832625087742096, 0.0
40.3125
2
1.4983331568047152e10, 0.0, 0.0, 0.0, 0.0, 0.0, 0.0
0.0, -0.7346606249850997, 0.5480042137136013, 0.0, -0.6009209367417169, -0.9061057598622846, 0.0
40.46875
2
1.4983331568047152e10, 0.0, 0.0, 0.0, 0.0, 0.0, 0.0
0.0, -0.816322704656984, 0.39843373897834694, 0.0, -0.44083524591116513, -1.0037008503899696, 0.0
40.625
2
1.4983331568047152e10, 0.0, 0.0, 0.0, 0.0, 0.0, 0.0
0.0, -0.8714763141097489, 0.23594824079342894, 0.0, -0.26265255825581585, -1.0706143163903692, 0.0
40.78125
2
1.4983331568047152e10, 0.0, 0.0, 0.0, 0.0, 0.0, 0.0
0.0, -0.8978191898020652, 0.06567570183180219, 0.0, -0.07332241106179674, -1.1028634020989418, 0.0
40.9375
2
1.4983331568047152e10, 0.0, 0.0, 0.0, 0.0, 0.0, 0.0
0.0, -0.8942243436604848, -0.10678313404290438, 0.0, 0.11916964137243247, -1.0984515532276058, 0.0
41.09375
2
1.4983331568047152e10, 0.0, 0.0, 0.0, 0.0, 0.0, 0.0
0.0, -0.8608466191496662, -0.27569142404867997, 0.0, 0.3065339824024615, -1.057654891332455, 0.0
41.25
2
1.4983331568047152e10, 0.0, 0.0, 0.0, 0.0, 0.0, 0.0
0.0, -0.7991078363725995, -0.4355325915211456, 0.0, 0.48097180730577427, -0.982981889375129, 0.0
41.40625
2
1.4983331568047152e10, 0.0, 0.0, 0.0, 0.0, 0.0, 0.0
0.0, -0.7115635903591134, -0.5813349791072554, 0.0, 0.6358690728751337, -0.8788174437156362, 0.0
41.5625
2
1.4983331568047152e10, 0.0, 0.0, 0.0, 0.0, 0.0, 0.0
0.0, -0.6016783014739123, -0.7089220232072917, 0.0, 0.7662610237230235, -0.7508466147701122, 0.0
41.71875
2
1.4983331568047152e10, 0.0, 0.0, 0.0, 0.0, 0.0, 0.0
0.0, -0.4735496637610807, -0.8150641837953395, 0.0, 0.8690133554839166, -0.6053974759789047, 0.0
41.875
2
1.4983331568047152e10, 0.0, 0.0, 0.0, 0.0, 0.0, 0.0
0.0, -0.33162575891954593, -0.8975307105998102, 0.0, 0.9427444558077335, -0.44883525627793835, 0.0
42.03125
2
1.4983331568047152e10, 0.0, 0.0, 0.0, 0.0, 0.0, 0.0
0.0, -0.18044974266709868, -0.9550568370484107, 0.0, 0.9875654110239516, -0.28709565585871, 0.0
42.1875
2
1.4983331568047152e10, 0.0, 0.0, 0.0, 0.0, 0.0, 0.0
0.0, -0.024453344337613682, -0.9872513902509982, 0.0, 1.004730142463811, -0.1253900534040009, 0.0
42.34375
2
1.4983331568047152e10, 0.0, 0.0, 0.0, 0.0, 0.0, 0.0
0.0, 0.13219325903401824, -0.9944712129302276, 0.0, 0.9962748089464407, 0.031929157454359126, 0.0
42.5
2
1.4983331568047152e10, 0.0, 0.0, 0.0, 0.0, 0.0, 0.0
0.0, 0.2856779794930575, -0.9776847593067091, 0.0, 0.9646987744741017, 0.18137956864923027, 0.0
42.65625
2
1.4983331568047152e10, 0.0, 0.0, 0.0, 0.0, 0.0, 0.0
0.0, 0.43259854114802043, -0.938340818367755, 0.0, 0.9127122472146653, 0.32027912322964736, 0.0
42.8125
2
1.4983331568047152e10, 0.0, 0.0, 0.0, 0.0, 0.0, 0.0
0.0, 0.5699803830219076, -0.878251881008419, 0.0, 0.8430552756550028, 0.44663389288306016, 0.0
42.96875
2
1.4983331568047152e10, 0.0, 0.0, 0.0, 0.0, 0.0, 0.0
0.0, 0.6952714232486135, -0.7994964630017476, 0.0, 0.7583807490302953, 0.5590114880863074, 0.0
43.125
2
1.4983331568047152e10, 0.0, 0.0, 0.0, 0.0, 0.0, 0.0
0.0, 0.806322740916531, -0.7043410922829041, 0.0, 0.6611889033905242, 0.656418203837312, 0.0
43.28125
2
1.4983331568047152e10, 0.0, 0.0, 0.0, 0.0, 0.0, 0.0
0.0, 0.9013621832685622, -0.5951805122806416, 0.0, 0.5538001567672689, 0.7381898101893405, 0.0
43.4375
2
1.4983331568047152e10, 0.0, 0.0, 0.0, 0.0, 0.0, 0.0
0.0, 0.9789659561901071, -0.47449358143858117, 0.0, 0.43835473366750205, 0.8039002047896758, 0.0
43.59375
2
1.4983331568047152e10, 0.0, 0.0, 0.0, 0.0, 0.0, 0.0
0.0, 1.0380316419401667, -0.3448119860764597, 0.0, 0.3168300122525103, 0.8532886848181725, 0.0
43.75
2
1.4983331568047152e10, 0.0, 0.0, 0.0, 0.0, 0.0, 0.0
0.0, 1.0777548678095548, -0.20869892297798892, 0.0, 0.19106899801862695, 0.8862048085737911, 0.0
43.90625
2
1.4983331568047152e10, 0.0, 0.0, 0.0, 0.0, 0.0, 0.0
0.0, 1.097610987645307, -0.0687351325922714, 0.0, 0.06281540924901816, 0.9025691489363356, 0.0
44.0625
2
1.4983331568047152e10, 0.0, 0.0, 0.0, 0.0, 0.0, 0.0
0.0, 1.0973425622790793, 0.07249006566463896, 0.0, -0.06624756944568028, 0.9023482582820392, 0.0
44.21875
2
1.4983331568047152e10, 0.0, 0.0, 0.0, 0.0, 0.0, 0.0
0.0, 1.0769530545463317, 0.21238484994896323, 0.0, -0.19445674284747194, 0.8855425686892879, 0.0
44.375
2
1.4983331568047152e10, 0.0, 0.0, 0.0, 0.0, 0.0, 0.0
0.0, 1.0367069144550323, 0.3483600442648373, 0.0, -0.32012783848582577, 0.8521865534460058, 0.0
44.53125
2
1.4983331568047152e10, 0.0, 0.0, 0.0, 0.0, 0.0, 0.0
0.0, 0.9771360522661716, 0.4778352459567798, 0.0, -0.4415149918762099, 0.8023611590845263, 0.0
44.6875
2
1.4983331568047152e10, 0.0, 0.0, 0.0, 0.0, 0.0, 0.0
0.0, 0.8990525186238278, 0.5982478951454834, 0.0, -0.5567720626907492, 0.7362191993665207, 0.0
44.84375
2
1.4983331568047152e10, 0.0, 0.0, 0.0, 0.0, 0.0, 0.0
0.0, 0.8035669681924328, 0.7070674053675717, 0.0, -0.6639176814004025, 0.6540250013003442, 0.0
45.0
2
1.4983331568047152e10, 0.0, 0.0, 0.0, 0.0, 0.0, 0.0
0.0, 0.6921121084547175, 0.8018167109107507, 0.0, -0.7608070051098023, 0.5562099900943329, 0.0
45.15625
2
1.4983331568047152e10, 0.0, 0.0, 0.0, 0.0, 0.0, 0.0
0.0, 0.5664697528729181, 0.8801038569732602, 0.0, -0.8451147461683818, 0.44344590350502583, 0.0
45.3125
2
1.4983331568047152e10, 0.0, 0.0, 0.0, 0.0, 0.0, 0.0
0.0, 0.42879922720634883, 0.9396664804481661, 0.0, -0.914336131306243, 0.31673663450671824, 0.0
45.46875
2
1.4983331568047152e10, 0.0, 0.0, 0.0, 0.0, 0.0, 0.0
0.0, 0.28166364724314175, 0.978432060866331, 0.0, -0.9658149261058733, 0.17752787717112262, 0.0
45.625
2
1.4983331568047152e10, 0.0, 0.0, 0.0, 0.0, 0.0, 0.0
0.0, 0.12804896198835358, 0.9945964435603316, 0.0, -0.996810123817555, 0.02783023834030802, 0.0
45.78125
2
1.4983331568047152e10, 0.0, 0.0, 0.0, 0.0, 0.0, 0.0
0.0, -0.0286313001264288, 0.9867220417500443, 0.0, -1.0046144950183675, -0.1296542795842073, 0.0
45.9375
2
1.4983331568047152e10, 0.0, 0.0, 0.0, 0.0, 0.0, 0.0
0.0, -0.18455469002342484, 0.9538549333508332, 0.0, -0.9867374284605184, -0.29142077706975483, 0.0
46.09375
2
1.4983331568047152e10, 0.0, 0.0, 0.0, 0.0, 0.0, 0.0
0.0, -0.3355426132349092, 0.895656422775969, 0.0, -0.9411591952812781, -0.4530934371295251, 0.0
46.25
2
1.4983331568047152e10, 0.0, 0.0, 0.0, 0.0, 0.0, 0.0
0.0, -0.4771581948719891, 0.8125393928215414, 0.0, -0.8666515183316355, -0.6094392538244457, 0.0
46.40625
2
1.4983331568047152e10, 0.0, 0.0, 0.0, 0.0, 0.0, 0.0
0.0, -0.6048579039685779, 0.7057933145777286, 0.0, -0.7631386879728161, -0.7545065449329913, 0.0
46.5625
2
1.4983331568047152e10, 0.0, 0.0, 0.0, 0.0, 0.0, 0.0
0.0, -0.7141995037622448, 0.5776754028569611, 0.0, -0.6320461614296025, -0.8819243163687117, 0.0
46.71875
2
1.4983331568047152e10, 0.0, 0.0, 0.0, 0.0, 0.0, 0.0
0.0, -0.8010984368206892, 0.4314414744442056, 0.0, -0.47655691241764303, -0.985373301987918, 0.0
46.875
2
1.4983331568047152e10, 0.0, 0.0, 0.0, 0.0, 0.0, 0.0
0.0, -0.8621110206626219, 0.27129165974904523, 0.0, -0.3016831490522521, -1.0591945629433173, 0.0
47.03125
2
1.4983331568047152e10, 0.0, 0.0, 0.0, 0.0, 0.0, 0.0
0.0, -0.8947092306751985, 0.10221574439049283, 0.0, -0.11407762709523386, -1.0990463316832204, 0.0
47.1875
2
1.4983331568047152e10, 0.0, 0.0, 0.0, 0.0, 0.0, 0.0
0.0, -0.8975037050601946, -0.07025938978490974, 0.0, 0.07843804218343879, -1.1024761378504695, 0.0
47.34375
2
1.4983331568047152e10, 0.0, 0.0, 0.0, 0.0, 0.0, 0.0
0.0, -0.8703740545766884, -0.24039588046168225, 0.0, 0.26757195538764306, -1.0692692724375115, 0.0
47.5
2
1.4983331568047152e10, 0.0, 0.0, 0.0, 0.0, 0.0, 0.0
0.0, -0.814480415005917, -0.4026013987332237, 0.0, 0.4453572691347981, -1.00148015131199, 0.0
47.65625
2
1.4983331568047152e10, 0.0, 0.0, 0.0, 0.0, 0.0, 0.0
0.0, -0.7321538588414858, -0.5517646051744644, 0.0, 0.6048803259712252, -0.903137868766322, 0.0
47.8125
2
1.4983331568047152e10, 0.0, 0.0, 0.0, 0.0, 0.0, 0.0
0.0, -0.6266877994134473, -0.6835238708575272, 0.0, 0.7408012477734339, -0.7797057726540022, 0.0
47.96875
2
1.4983331568047152e10, 0.0, 0.0, 0.0, 0.0, 0.0, 0.0
0.0, -0.5020694533500211, -0.7944409467362761, 0.0, 0.8495956410650198, -0.6374294733646291, 0.0
48.125
2
1.4983331568047152e10, 0.0, 0.0, 0.0, 0.0, 0.0, 0.0
0.0, -0.3626951907383421, -0.8820731805995794, 0.0, 0.9295266312290053, -0.4827109000700458, 0.0
48.28125
2
1.4983331568047152e10, 0.0, 0.0, 0.0, 0.0, 0.0, 0.0
0.0, -0.2131070956313987, -0.9449567687445154, 0.0, 0.980415849377375, -0.3216075092563165, 0.0
48.4375
2
1.4983331568047152e10, 0.0, 0.0, 0.0, 0.0, 0.0, 0.0
0.0, -0.05777503917197362, -0.9825247573176115, 0.0, 1.0033052779295513, -0.15950074307736453, 0.0
48.59375
2
1.4983331568047152e10, 0.0, 0.0, 0.0, 0.0, 0.0, 0.0
0.0, 0.09906547094978332, -0.9949864509523915, 0.0, 1.0000935745786244, -0.0009298804528503829, 0.0
48.75
2
1.4983331568047152e10, 0.0, 0.0, 0.0, 0.0, 0.0, 0.0
0.0, 0.25352061325272235, -0.9831917442069349, 0.0, 0.9732052677321104, 0.15044162683626972, 0.0
48.90625
2
1.4983331568047152e10, 0.0, 0.0, 0.0, 0.0, 0.0, 0.0
0.0, 0.40209860164741745, -0.9484977557132078, 0.0, 0.9253232822922846, 0.2917701821569959, 0.0
49.0625
2
1.4983331568047152e10, 0.0, 0.0, 0.0, 0.0, 0.0, 0.0
0.0, 0.5417338401255051, -0.8926485724095077, 0.0, 0.859193107918752, 0.42092614722617433, 0.0
49.21875
2
1.4983331568047152e10, 0.0, 0.0, 0.0, 0.0, 0.0, 0.0
0.0, 0.6697857777499624, -0.817673389338295, 0.0, 0.7774931611028796, 0.5363684680984467, 0.0
49.375
2
1.4983331568047152e10, 0.0, 0.0, 0.0, 0.0, 0.0, 0.0
0.0, 0.784021925055295, -0.7258043877316176, 0.0, 0.6827594786759675, 0.637019959254662, 0.0
49.53125
2
1.4983331568047152e10, 0.0, 0.0, 0.0, 0.0, 0.0, 0.0
0.0, 0.882592479021505, -0.6194132570749007, 0.0, 0.5773514531864185, 0.722154688002304, 0.0
49.6875
2
1.4983331568047152e10, 0.0, 0.0, 0.0, 0.0, 0.0, 0.0
0.0, 0.9640020052022554, -0.5009639976421626, 0.0, 0.4634466134908922, 0.7913026822776753, 0.0
49.84375
2
1.4983331568047152e10, 0.0, 0.0, 0.0, 0.0, 0.0, 0.0
0.0, 1.0270819308932406, -0.3729791551067437, 0.0, 0.34305483873164505, 0.8441732940620652, 0.0
50.0
2
1.4983331568047152e10, 0.0, 0.0, 0.0, 0.0, 0.0, 0.0
0.0, 1.0709663001722673, -0.23801661375314143, 0.0, 0.2180449094250548, 0.8805964573707572, 0.0
50.15625
2
1.4983331568047152e10, 0.0, 0.0, 0.0, 0.0, 0.0, 0.0
0.0, 1.0950723091598, -0.09865427394004474, 0.0, 0.0901784801042854, 0.9004802150618332, 0.0
50.3125
2
1.4983331568047152e10, 0.0, 0.0, 0.0, 0.0, 0.0, 0.0
0.0, 1.0990865099761462, 0.042519791250049364, 0.0, -0.03885176037487178, 0.9037827897958703, 0.0
50.46875
2
1.4983331568047152e10, 0.0, 0.0, 0.0, 0.0, 0.0, 0.0
0.0, 1.082957164418561, 0.1829138582753075, 0.0, -0.16738180469391795, 0.8904978155261799, 0.0
50.625
2
1.4983331568047152e10, 0.0, 0.0, 0.0, 0.0, 0.0, 0.0
0.0, 1.0468929665075069, 0.31993773887416443, 0.0, -0.2937352809895381, 0.8606519176735882, 0.0
50.78125
2
1.4983331568047152e10, 0.0, 0.0, 0.0, 0.0, 0.0, 0.0
0.0, 0.9913681673931453, 0.45100853890381093, 0.0, -0.41618272689625474, 0.8143145036399355, 0.0
50.9375
2
1.4983331568047152e10, 0.0, 0.0, 0.0, 0.0, 0.0, 0.0
0.0, 0.917133962872295, 0.5735589323891537, 0.0, -0.5329023855434725, 0.7516203140888881, 0.0
51.09375
2
1.4983331568047152e10, 0.0, 0.0, 0.0, 0.0, 0.0, 0.0
0.0, 0.8252357801586538, 0.6850500291177185, 0.0, -0.641944254619734, 0.6728059099615185, 0.0
51.25
2
1.4983331568047152e10, 0.0, 0.0, 0.0, 0.0, 0.0, 0.0
0.0, 0.7170357598639235, 0.7829911362290739, 0.0, -0.7412000970741017, 0.5782617228403812, 0.0
51.40625
2
1.4983331568047152e10, 0.0, 0.0, 0.0, 0.0, 0.0, 0.0
0.0, 0.5942391974610753, 0.8649689829965803, 0.0, -0.8283835967198514, 0.4686014043456583, 0.0
51.5625
2
1.4983331568047152e10, 0.0, 0.0, 0.0, 0.0, 0.0, 0.0
0.0, 0.45892290587894613, 0.9286892195886425, 0.0, -0.9010268324539533, 0.3447496981860321, 0.0
51.71875
2
1.4983331568047152e10, 0.0, 0.0, 0.0, 0.0, 0.0, 0.0
0.0, 0.3135623115940527, 0.9720330880816652, 0.0, -0.9565016619561463, 0.20804851833573645, 0.0
51.875
2
1.4983331568047152e10, 0.0, 0.0, 0.0, 0.0, 0.0, 0.0
0.0, 0.16105255516529715, 0.9931318962373291, 0.0, -0.9920771254752123, 0.060377812638697057, 0.0
52.03125
2
1.4983331568047152e10, 0.0, 0.0, 0.0, 0.0, 0.0, 0.0
0.0, 0.004716968606597936, 0.9904610116643909, 0.0, -1.0050258631699431, -0.0957174511530376, 0.0
52.1875
2
1.4983331568047152e10, 0.0, 0.0, 0.0, 0.0, 0.0, 0.0
0.0, -0.15170575774311498, 0.9629531685415781, 0.0, -0.9927924361991511, -0.25691057736957623, 0.0
52.34375
2
1.4983331568047152e10, 0.0, 0.0, 0.0, 0.0, 0.0, 0.0
0.0, -0.3041061657840253, 0.910127565899979, 0.0, -0.953232312165741, -0.4190129800593803, 0.0
52.5
2
1.4983331568047152e10, 0.0, 0.0, 0.0, 0.0, 0.0, 0.0
0.0, -0.44809146514911674, 0.8322263222985257, 0.0, -0.884919682281126, -0.5769669830646642, 0.0
52.65625
2
1.4983331568047152e10, 0.0, 0.0, 0.0, 0.0, 0.0, 0.0
0.0, -0.5791252530449517, 0.7303435797161832, 0.0, -0.7875034209961139, -0.7249543382902075, 0.0
52.8125
2
1.4983331568047152e10, 0.0, 0.0, 0.0, 0.0, 0.0, 0.0
0.0, -0.6927237447085076, 0.6065259902023798, 0.0, -0.6620642173218884, -0.8566593542286467, 0.0
52.96875
2
1.4983331568047152e10, 0.0, 0.0, 0.0, 0.0, 0.0, 0.0
0.0, -0.7847031876057714, 0.4638186220424122, 0.0, -0.5113981640612819, -0.9657045488896007, 0.0
53.125
2
1.4983331568047152e10, 0.0, 0.0, 0.0, 0.0, 0.0, 0.0
0.0, -0.8514598924700535, 0.30623048673215986, 0.0, -0.34013513654104244, -1.046235633721922, 0.0
53.28125
2
1.4983331568047152e10, 0.0, 0.0, 0.0, 0.0, 0.0, 0.0
0.0, -0.8902502861443611, 0.13860169159239788, 0.0, -0.15460962853597005, -1.0935781623637477, 0.0
53.4375
2
1.4983331568047152e10, 0.0, 0.0, 0.0, 0.0, 0.0, 0.0
0.0, -0.8994286092148136, -0.03362961423705473, 0.0, 0.037552690097910076, -1.1048398229996792, 0.0
53.59375
2
1.4983331568047152e10, 0.0, 0.0, 0.0, 0.0, 0.0, 0.0
0.0, -0.8785997697848528, -0.20474082245448227, 0.0, 0.2280941248471886, -1.0793165240076528, 0.0
53.75
2
1.4983331568047152e10, 0.0, 0.0, 0.0, 0.0, 0.0, 0.0
0.0, -0.8286571925496231, -0.36907915350125264, 0.0, 0.40891316502233904, -1.0185950376166528, 0.0
53.90625
2
1.4983331568047152e10, 0.0, 0.0, 0.0, 0.0, 0.0, 0.0
0.0, -0.7516978715656508, -0.5214058111527189, 0.0, 0.5728202833747956, -0.9263237691301678, 0.0
54.0625
2
1.4983331568047152e10, 0.0, 0.0, 0.0, 0.0, 0.0, 0.0
0.0, -0.6508319368640655, -0.6571819562368403, 0.0, 0.7141113370792372, -0.8077144285744818, 0.0
54.21875
2
1.4983331568047152e10, 0.0, 0.0, 0.0, 0.0, 0.0, 0.0
0.0, -0.5299231505046156, -0.7727638393490726, 0.0, 0.8288703167688893, -0.6689015647068596, 0.0
54.375
2
1.4983331568047152e10, 0.0, 0.0, 0.0, 0.0, 0.0, 0.0
0.0, -0.3933042001400106, -0.8654960614461342, 0.0, 0.9149944093360675, -0.5163010632331412, 0.0
54.53125
2
1.4983331568047152e10, 0.0, 0.0, 0.0, 0.0, 0.0, 0.0
0.0, -0.24550623262304624, -0.933711984129096, 0.0, 0.9720002288541503, -0.3560772055332814, 0.0
54.6875
2
1.4983331568047152e10, 0.0, 0.0, 0.0, 0.0, 0.0, 0.0
0.0, -0.09102995226289559, -0.976663347043685, 0.0, 1.0007012035148344, -0.19377413035003055, 0.0
54.84375
2
1.4983331568047152e10, 0.0, 0.0, 0.0, 0.0, 0.0, 0.0
0.0, 0.0658286134809667, -0.9944057343900583, 0.0, 1.0028434616713746, -0.034116643599133585, 0.0
55.0
2
1.4983331568047152e10, 0.0, 0.0, 0.0, 0.0, 0.0, 0.0
0.0, 0.22109659169843426, -0.9876644269042565, 0.0, 0.980764605230049, 0.119048088960523, 0.0
55.15625
2
1.4983331568047152e10, 0.0, 0.0, 0.0, 0.0, 0.0, 0.0
0.0, 0.37119373573879355, -0.9576994301458531, 0.0, 0.9371114653556057, 0.2627100444287882, 0.0
55.3125
2
1.4983331568047152e10, 0.0, 0.0, 0.0, 0.0, 0.0, 0.0
0.0, 0.5129633285910075, -0.9061818282869606, 0.0, 0.8746291701290835, 0.3945981476378391, 0.0
55.46875
2
1.4983331568047152e10, 0.0, 0.0, 0.0, 0.0, 0.0, 0.0
0.0, 0.6436755573414136, -0.8350877957804356, 0.0, 0.79601831537536, 0.5130570145685469, 0.0
55.625
2
1.4983331568047152e10, 0.0, 0.0, 0.0, 0.0, 0.0, 0.0
0.0, 0.7610131998581502, -0.7466123126744899, 0.0, 0.7038492367078419, 0.6169208815959888, 0.0
55.78125
2
1.4983331568047152e10, 0.0, 0.0, 0.0, 0.0, 0.0, 0.0
0.0, 0.8630475121310032, -0.6431018960088918, 0.0, 0.6005201003689831, 0.7053978108373158, 0.0
55.9375
2
1.4983331568047152e10, 0.0, 0.0, 0.0, 0.0, 0.0, 0.0
0.0, 0.9482101699154183, -0.5270041752686478, 0.0, 0.4882464061070041, 0.7779705068493608, 0.0
56.09375
2
1.4983331568047152e10, 0.0, 0.0, 0.0, 0.0, 0.0, 0.0
0.0, 1.0152653465393449, -0.40083151835889436, 0.0, 0.36907174918957475, 0.8343157328359254, 0.0
56.25
2
1.4983331568047152e10, 0.0, 0.0, 0.0, 0.0, 0.0, 0.0
0.0, 1.0632846217232568, -0.26713581458100055, 0.0, 0.24489222902672186, 0.8742418890187905, 0.0
56.40625
2
1.4983331568047152e10, 0.0, 0.0, 0.0, 0.0, 0.0, 0.0
0.0, 1.0916264098571637, -0.12849168796729532, 0.0, 0.11748916499013362, 0.8976432334697699, 0.0
56.5625
2
1.4983331568047152e10, 0.0, 0.0, 0.0, 0.0, 0.0, 0.0
0.0, 1.0999209086650594, 0.012514321794492947, 0.0, -0.011433427930031652, 0.9044689959087965, 0.0
56.71875
2
1.4983331568047152e10, 0.0, 0.0, 0.0, 0.0, 0.0, 0.0
0.0, 1.0880611211539084, 0.15329081650989254, 0.0, -0.1402088750522385, 0.8947059035107775, 0.0
56.875
2
1.4983331568047152e10, 0.0, 0.0, 0.0, 0.0, 0.0, 0.0
0.0, 1.0562002170037794, 0.29124684842984105, 0.0, -0.2671668638740284, 0.8683731734549076, 0.0
57.03125
2
1.4983331568047152e10, 0.0, 0.0, 0.0, 0.0, 0.0, 0.0
0.0, 1.0047553031753458, 0.4237973976616791, 0.0, -0.39059255967328477, 0.8255296869633131, 0.0
57.1875
2
1.4983331568047152e10, 0.0, 0.0, 0.0, 0.0, 0.0, 0.0
0.0, 0.9344175028403112, 0.548370944263361, 0.0, -0.5086869578145504, 0.7662937514660746, 0.0
57.34375
2
1.4983331568047152e10, 0.0, 0.0, 0.0, 0.0, 0.0, 0.0
0.0, 0.8461680342093922, 0.6624211763796557, 0.0, -0.6195300556155598, 0.6908765032238124, 0.0
57.5
2
1.4983331568047152e10, 0.0, 0.0, 0.0, 0.0, 0.0, 0.0
0.0, 0.7412996709294921, 0.7634450820511318, 0.0, -0.7210493047153294, 0.5996305035605353, 0.0
57.65625
2
1.4983331568047152e10, 0.0, 0.0, 0.0, 0.0, 0.0, 0.0
0.0, 0.6214424811606165, 0.849009935926851, 0.0, -0.8109971705172525, 0.493115282131205, 0.0
57.8125
2
1.4983331568047152e10, 0.0, 0.0, 0.0, 0.0, 0.0, 0.0
0.0, 0.4885920041032417, 0.9167919479719608, 0.0, -0.8869435084500265, 0.3721812296645931, 0.0
57.96875
2
1.4983331568047152e10, 0.0, 0.0, 0.0, 0.0, 0.0, 0.0
0.0, 0.3451369524873958, 0.9646294754860095, 0.0, -0.9462908100691247, 0.23807196189889782, 0.0
58.125
2
1.4983331568047152e10, 0.0, 0.0, 0.0, 0.0, 0.0, 0.0
0.0, 0.19388207219849665, 0.990593528599155, 0.0, -0.9863229147094271, 0.09254255362472658, 0.0
58.28125
2
1.4983331568047152e10, 0.0, 0.0, 0.0, 0.0, 0.0, 0.0
0.0, 0.03805995803921694, 0.9930775521872126, 0.0, -1.0042998901799727, -0.06201370348279948, 0.0
58.4375
2
1.4983331568047152e10, 0.0, 0.0, 0.0, 0.0, 0.0, 0.0
0.0, -0.11867642882928431, 0.970906789641762, 0.0, -0.9976122527045567, -0.22244456918564595, 0.0
58.59375
2
1.4983331568047152e10, 0.0, 0.0, 0.0, 0.0, 0.0, 0.0
0.0, -0.2722906750369784, 0.9234645424115495, 0.0, -0.9640046217980494, -0.3847482054344717, 0.0
58.75
2
1.4983331568047152e10, 0.0, 0.0, 0.0, 0.0, 0.0, 0.0
0.0, -0.41844035983045647, 0.8508280656316425, 0.0, -0.9018698811739522, -0.5440470128244641, 0.0
58.90625
2
1.4983331568047152e10, 0.0, 0.0, 0.0, 0.0, 0.0, 0.0
0.0, -0.5526050773127977, 0.753900800486507, 0.0, -0.8105978719858086, -0.6946679719514287, 0.0
59.0625
2
1.4983331568047152e10, 0.0, 0.0, 0.0, 0.0, 0.0, 0.0
0.0, -0.6702707211624778, 0.6345210034366544, 0.0, -0.6909376492136035, -0.8303704212141447, 0.0
59.21875
2
1.4983331568047152e10, 0.0, 0.0, 0.0, 0.0, 0.0, 0.0
0.0, -0.7671670943629479, 0.49552150816176654, 0.0, -0.545304078746505, -0.944745331376326, 0.0
59.375
2
1.4983331568047152e10, 0.0, 0.0, 0.0, 0.0, 0.0, 0.0
0.0, -0.8395432904152326, 0.3407142242102474, 0.0, -0.37793902451902134, -1.0317731528729246, 0.0
59.53125
2
1.4983331568047152e10, 0.0, 0.0, 0.0, 0.0, 0.0, 0.0
0.0, -0.8844510685444581, 0.17477899681372616, 0.0, -0.19483993240090955, -1.0864744640352966, 0.0
59.6875
2
1.4983331568047152e10, 0.0, 0.0, 0.0, 0.0, 0.0, 0.0
0.0, -0.8999952800883741, 0.0030509497557155985, 0.0, -0.0034063620625501565, -1.1055358374971322, 0.0
59.84375
2
1.4983331568047152e10, 0.0, 0.0, 0.0, 0.0, 0.0, 0.0
0.0, -0.8855078671362494, -0.16877873346413888, 0.0, 0.188174364402701, -1.0877685376475232, 0.0
60.0
2
1.4983331568047152e10, 0.0, 0.0, 0.0, 0.0, 0.0, 0.0
0.0, -0.8416116461772409, -0.33501252565445705, 0.0, 0.3717007261483195, -1.03428111314839, 0.0
60.15625
2
1.4983331568047152e10, 0.0, 0.0, 0.0, 0.0, 0.0, 0.0
0.0, -0.7701608059614435, -0.4902971937820379, 0.0, 0.5397335174761205, -0.9483183196210548, 0.0
60.3125
2
1.4983331568047152e10, 0.0, 0.0, 0.0, 0.0, 0.0, 0.0
0.0, -0.6740703239592678, -0.6299255290508844, 0.0, 0.6862180037828451, -0.8348108091483414, 0.0
60.46875
2
1.4983331568047152e10, 0.0, 0.0, 0.0, 0.0, 0.0, 0.0
0.0, -0.5570675197199495, -0.7500524523451101, 0.0, 0.8068474606844604, -0.6997527277830192, 0.0
60.625
2
1.4983331568047152e10, 0.0, 0.0, 0.0, 0.0, 0.0, 0.0
0.0, -0.42340909926323644, -0.847809752728603, 0.0, 0.899144055776073, -0.5495496795812925, 0.0
60.78125
2
1.4983331568047152e10, 0.0, 0.0, 0.0, 0.0, 0.0, 0.0
0.0, -0.2776049011555863, -0.9213246832528144, 0.0, 0.9623045101863595, -0.39045613834394954, 0.0
60.9375
2
1.4983331568047152e10, 0.0, 0.0, 0.0, 0.0, 0.0, 0.0
0.0, -0.12417860178300416, -0.9696624207898021, 0.0, 0.9968970399829201, -0.22817006656247193, 0.0
61.09375
2
1.4983331568047152e10, 0.0, 0.0, 0.0, 0.0, 0.0, 0.0
0.0, 0.032518569560536933, -0.9927187100579193, 0.0, 1.0044997250265217, -0.06759932525056014, 0.0
61.25
2
1.4983331568047152e10, 0.0, 0.0, 0.0, 0.0, 0.0, 0.0
0.0, 0.18843778322182433, -0.9910880864468339, 0.0, 0.9873504690952573, 0.08722322793878294, 0.0
61.40625
2
1.4983331568047152e10, 0.0, 0.0, 0.0, 0.0, 0.0, 0.0
0.0, 0.3399116854056753, -0.9659278430070394, 0.0, 0.9480505101507242, 0.23311659639090854, 0.0
61.5625
2
1.4983331568047152e10, 0.0, 0.0, 0.0, 0.0, 0.0, 0.0
0.0, 0.48369255454401844, -0.9188312736192381, 0.0, 0.8893382140775413, 0.36766262889346046, 0.0
61.71875
2
1.4983331568047152e10, 0.0, 0.0, 0.0, 0.0, 0.0, 0.0
0.0, 0.6169606416613199, -0.8517176430879835, 0.0, 0.8139325381971799, 0.48908587864080794, 0.0
61.875
2
1.4983331568047152e10, 0.0, 0.0, 0.0, 0.0, 0.0, 0.0
0.0, 0.7373128833149034, -0.7667417041535155, 0.0, 0.7244362716784043, 0.5961267589571927, 0.0
62.03125
2
1.4983331568047152e10, 0.0, 0.0, 0.0, 0.0, 0.0, 0.0
0.0, 0.8427403143005864, -0.6662225371692826, 0.0, 0.6232859175796636, 0.6879228465050273, 0.0
62.1875
2
1.4983331568047152e10, 0.0, 0.0, 0.0, 0.0, 0.0, 0.0
0.0, 0.9316004514991875, -0.5525897706309605, 0.0, 0.5127354592545784, 0.763905889629866, 0.0
62.34375
2
1.4983331568047152e10, 0.0, 0.0, 0.0, 0.0, 0.0, 0.0
0.0, 1.0025890764895358, -0.42834446707441715, 0.0, 0.39486332812814623, 0.8237172528546928, 0.0
62.5
2
1.4983331568047152e10, 0.0, 0.0, 0.0, 0.0, 0.0, 0.0
0.0, 1.0547143731583286, -0.29603177250327356, 0.0, 0.2715944308088867, 0.8671417440850333, 0.0
62.65625
2
1.4983331568047152e10, 0.0, 0.0, 0.0, 0.0, 0.0, 0.0
0.0, 1.087275293284415, -0.15822255454836176, 0.0, 0.14473144995389842, 0.8940584488142387, 0.0
62.8125
2
1.4983331568047152e10, 0.0, 0.0, 0.0, 0.0, 0.0, 0.0
0.0, 1.0998452742745874, -0.017501508419882687, 0.0, 0.01599153454053263, 0.904406819036479, 0.0
